738
10
30652100
30649500
0 1 1 70 65 13 (D 0,1,1) (S 53,1,5) (S 25,2,5) (S 56,2,3) (S 26,3,6) (S 1,6,6) (S 61,5,6) (S 28,5,10) (S 3,10,10) (S 67,10,11) (S 4,11,11) (S 69,12,11) (D 0,1,1)
0 1 2 70 72 17 (D 0,1,1) (S 54,1,9) (S 2,9,9) (S 63,8,9) (S 64,8,13) (S 5,13,13) (S 31,13,21) (S 8,21,21) (S 38,20,21) (S 81,20,25) (S 88,25,20) (S 39,21,26) (S 12,26,26) (S 89,25,26) (S 90,25,33) (S 17,33,33) (D 0,1,1)
0 1 3 70 62 14 (D 0,1,1) (S 55,1,16) (S 73,15,16) (S 6,15,15) (S 32,14,15) (S 33,14,23) (S 10,23,23) (S 40,22,23) (S 9,22,22) (S 72,14,22) (S 82,22,14) (S 92,28,22) (S 14,28,28) (D 0,1,1)
0 1 4 70 72 18 (D 0,1,1) (S 60,5,1) (S 57,3,2) (S 58,3,4) (S 27,4,7) (S 62,7,12) (S 30,12,19) (S 79,18,19) (S 29,11,18) (S 68,12,7) (S 59,4,3) (S 78,17,10) (S 7,17,17) (S 35,17,18) (S 77,16,17) (S 74,15,23) (S 85,23,29) (D 0,1,1)
0 1 5 70 67 14 (D 0,1,1) (S 65,9,1) (S 66,9,13) (S 70,13,8) (S 71,13,9) (S 13,27,27) (S 91,27,28) (S 41,28,29) (S 15,29,29) (S 42,29,30) (S 16,30,30) (S 96,30,17) (S 36,17,24) (D 0,1,1)
0 1 6 69 75 18 (D 0,1,1) (S 75,16,1) (S 76,16,15) (S 34,15,24) (S 11,24,24) (S 84,23,24) (S 83,23,15) (S 86,24,23) (S 87,24,29) (S 94,29,23) (S 93,28,27) (S 46,35,36) (S 47,36,44) (S 19,44,44) (S 113,43,44) (S 50,42,43) (S 104,36,38) (D 0,1,1)
0 1 7 70 89 13 (D 0,1,1) (S 97,30,24) (S 109,39,30) (S 18,39,39) (S 99,31,39) (S 37,17,31) (S 80,19,32) (S 43,32,40) (S 98,31,32) (S 101,32,31) (S 100,32,19) (S 106,37,38) (D 0,1,1)
0 1 8 70 74 14 (D 0,1,1) (S 95,29,37) (S 105,37,29) (S 108,38,37) (S 48,38,46) (S 21,46,46) (S 52,46,50) (S 24,50,50) (S 51,45,50) (S 20,45,45) (S 115,45,44) (S 103,35,43) (S 102,34,35) (D 0,1,1)
0 1 9 70 105 14 (D 0,1,1) (S 112,43,35) (S 114,43,48) (S 118,48,43) (S 45,34,42) (S 107,38,36) (S 111,39,38) (S 110,39,31) (S 117,47,39) (S 22,47,47) (S 116,45,49) (S 23,49,49) (S 120,49,45) (D 0,1,1)
0 1 10 25 57 6 (D 0,1,1) (S 44,33,41) (S 49,41,42) (S 119,48,49) (S 121,49,48) (D 0,1,1)
