1209
18
94373200
94371100
0 1 1 74 65 10 (D 0,1,1) (S 37,1,2) (S 40,2,1) (S 38,1,5) (S 3,5,5) (S 48,5,1) (S 39,1,6) (S 49,5,6) (S 73,11,12) (D 0,1,1)
0 1 2 75 49 11 (D 0,1,1) (S 52,6,1) (S 53,6,5) (S 50,5,11) (S 72,11,5) (S 51,5,18) (S 99,18,5) (S 74,11,19) (S 100,18,19) (S 104,19,18) (D 0,1,1)
0 1 3 75 50 12 (D 0,1,1) (S 54,6,7) (S 4,7,7) (S 42,2,7) (S 41,2,3) (S 1,3,3) (S 43,3,2) (S 57,7,2) (S 58,7,6) (S 55,6,12) (S 77,12,13) (D 0,1,1)
0 1 4 75 50 13 (D 0,1,1) (S 56,6,13) (S 60,7,13) (S 59,7,8) (S 61,8,7) (S 80,13,7) (S 79,13,6) (S 75,12,6) (S 76,12,11) (S 103,19,11) (S 6,19,19) (S 133,26,30) (D 0,1,1)
0 1 5 74 37 12 (D 0,1,1) (S 78,12,20) (S 105,19,20) (S 106,19,26) (S 101,18,26) (S 102,18,29) (S 132,26,29) (S 130,26,18) (S 143,29,18) (S 144,29,26) (S 131,26,19) (D 0,1,1)
0 1 6 74 58 13 (D 0,1,1) (S 81,13,12) (S 82,13,14) (S 63,8,14) (S 62,8,9) (S 45,3,9) (S 44,3,4) (S 2,4,4) (S 46,4,3) (S 64,9,3) (S 65,9,8) (S 84,14,8) (D 0,1,1)
0 1 7 75 56 13 (D 0,1,1) (S 107,20,12) (S 108,20,19) (S 134,26,34) (S 11,34,35) (S 13,35,36) (S 15,36,37) (S 17,37,38) (S 19,38,43) (S 18,37,43) (S 155,31,37) (S 141,28,32) (D 0,1,1)
0 1 8 75 74 13 (D 0,1,1) (S 83,13,21) (S 109,20,21) (S 110,20,30) (S 136,27,30) (S 114,21,27) (S 111,21,13) (S 85,14,13) (S 86,14,15) (S 67,9,15) (S 66,9,10) (S 148,30,26) (D 0,1,1)
0 1 9 74 51 12 (D 0,1,1) (S 112,21,20) (S 113,21,22) (S 87,14,22) (S 89,15,14) (S 88,15,9) (S 68,9,16) (S 90,15,16) (S 91,15,23) (S 7,23,23) (S 117,22,23) (D 0,1,1)
0 1 10 75 72 11 (D 0,1,1) (S 147,30,20) (S 149,30,27) (S 135,27,21) (S 116,22,21) (S 115,22,14) (S 93,16,15) (S 92,16,9) (S 70,10,9) (S 5,10,10) (D 0,1,1)
0 1 11 75 83 12 (D 0,1,1) (S 119,23,15) (S 120,23,22) (S 118,22,31) (S 122,23,31) (S 121,23,24) (S 95,16,24) (S 94,16,17) (S 71,10,17) (S 47,4,10) (S 157,32,28) (D 0,1,1)
0 1 12 75 99 12 (D 0,1,1) (S 124,24,23) (S 123,24,16) (S 97,17,16) (S 96,17,10) (S 69,10,4) (S 98,17,25) (S 8,25,25) (S 125,24,25) (S 128,25,24) (S 9,41,41) (D 0,1,1)
0 1 13 75 65 13 (D 0,1,1) (S 152,31,23) (S 137,27,31) (S 138,27,35) (S 14,35,41) (S 21,40,41) (S 12,34,40) (S 150,30,34) (S 167,34,30) (S 162,33,34) (S 145,29,33) (S 146,29,39) (D 0,1,1)
0 1 14 74 66 12 (D 0,1,1) (S 166,34,26) (S 168,34,33) (S 161,33,29) (S 175,39,29) (S 163,33,39) (S 164,33,40) (S 22,40,47) (S 33,46,47) (S 165,33,46) (S 176,39,33) (D 0,1,1)
0 1 15 75 80 12 (D 0,1,1) (S 151,31,22) (S 153,31,27) (S 139,27,36) (S 16,36,42) (S 23,41,42) (S 24,41,48) (S 34,47,48) (S 177,40,33) (S 178,46,33) (S 25,41,49) (D 0,1,1)
0 1 16 73 72 12 (D 0,1,1) (S 154,31,32) (S 126,24,32) (S 156,32,24) (S 158,32,31) (S 171,37,31) (S 159,32,37) (S 160,32,38) (S 20,38,45) (S 28,43,45) (S 29,43,50) (D 0,1,1)
0 1 17 74 94 11 (D 0,1,1) (S 169,35,27) (S 170,36,27) (S 35,48,49) (S 10,49,49) (S 30,44,49) (S 27,42,44) (S 26,42,43) (S 32,45,50) (S 31,44,50) (D 0,1,1)
0 1 18 68 88 10 (D 0,1,1) (S 172,37,32) (S 174,38,32) (S 142,28,38) (S 129,25,28) (S 127,25,17) (S 140,28,25) (S 173,38,28) (S 36,49,50) (D 0,1,1)
