432
10
5331800
5330200
0 1 1 27 26 7 (D 0,1,1) (S 10,1,3) (S 12,3,4) (S 2,4,4) (S 25,4,5) (S 27,4,12) (D 0,1,1)
0 1 2 27 49 11 (D 0,1,1) (S 19,1,15) (S 16,15,20) (S 15,14,20) (S 6,14,14) (S 14,13,14) (S 35,12,13) (S 36,12,19) (S 28,4,19) (S 1,2,2) (D 0,1,1)
0 1 3 27 28 6 (D 0,1,1) (S 20,1,17) (S 39,15,17) (S 37,13,15) (S 5,10,10) (D 0,1,1)
0 1 4 27 45 8 (D 0,1,1) (S 21,1,19) (S 22,1,24) (S 46,24,27) (S 23,1,27) (S 30,5,9) (S 24,3,6) (D 0,1,1)
0 1 5 27 28 5 (D 0,1,1) (S 11,2,12) (S 26,4,6) (S 3,6,6) (D 0,1,1)
0 1 6 27 53 7 (D 0,1,1) (S 29,5,6) (S 31,6,8) (S 4,8,8) (S 13,3,8) (S 47,25,26) (D 0,1,1)
0 1 7 27 71 7 (D 0,1,1) (S 32,6,9) (S 34,8,9) (S 9,26,26) (S 18,21,25) (S 7,16,16) (D 0,1,1)
0 1 8 27 55 6 (D 0,1,1) (S 33,7,11) (S 38,14,18) (S 40,18,21) (S 43,21,22) (D 0,1,1)
0 1 9 25 46 5 (D 0,1,1) (S 8,23,23) (S 17,21,23) (S 42,20,21) (D 0,1,1)
0 1 10 17 31 5 (D 0,1,1) (S 44,22,23) (S 45,22,25) (S 41,18,25) (D 0,1,1)
