613
9
18782000
18779400
0 1 1 64 42 11 (D 0,1,1) (S 25,1,6) (S 4,6,6) (S 46,2,6) (S 1,2,2) (S 27,2,36) (S 39,29,36) (S 38,29,30) (S 71,30,31) (S 72,31,30) (D 0,1,1)
0 1 2 64 56 12 (D 0,1,1) (S 26,1,35) (S 21,35,35) (S 42,35,36) (S 76,36,37) (S 48,3,37) (S 28,3,7) (S 5,7,7) (S 50,6,7) (S 51,7,6) (S 10,13,13) (D 0,1,1)
0 1 3 64 48 11 (D 0,1,1) (S 43,1,11) (S 8,11,11) (S 30,11,16) (S 11,16,16) (S 59,15,16) (S 32,14,15) (S 29,8,14) (S 52,8,40) (S 24,40,40) (D 0,1,1)
0 1 4 65 70 12 (D 0,1,1) (S 44,1,40) (S 45,2,3) (S 47,3,4) (S 2,4,4) (S 77,37,3) (S 73,31,37) (S 18,31,31) (S 74,32,31) (S 40,32,39) (S 23,39,39) (D 0,1,1)
0 1 5 64 67 11 (D 0,1,1) (S 55,12,6) (S 9,12,12) (S 31,12,17) (S 12,17,17) (S 57,13,18) (S 13,18,18) (S 33,18,19) (S 34,18,22) (S 36,22,25) (D 0,1,1)
0 1 6 64 102 16 (D 0,1,1) (S 56,12,11) (S 61,18,13) (S 63,21,22) (S 62,21,20) (S 14,20,20) (S 35,20,23) (S 15,23,23) (S 37,24,25) (S 65,22,21) (S 64,21,24) (S 66,24,21) (S 78,37,30) (S 22,38,38) (S 80,37,38) (D 0,1,1)
0 1 7 64 74 9 (D 0,1,1) (S 6,8,8) (S 53,9,8) (S 54,9,10) (S 7,10,10) (S 60,16,10) (S 58,15,9) (S 41,33,34) (D 0,1,1)
0 1 8 65 82 8 (D 0,1,1) (S 19,33,33) (S 67,26,33) (S 16,26,26) (S 17,27,27) (S 68,27,28) (S 20,34,34) (D 0,1,1)
0 1 9 45 72 10 (D 0,1,1) (S 70,28,35) (S 69,28,27) (S 75,35,28) (S 79,37,36) (S 81,38,37) (S 82,39,38) (S 49,5,39) (S 3,5,5) (D 0,1,1)
