219
7
8720400
8717600
0 1 1 20 18 7 (D 0,1,1) (S 17,1,2) (S 26,2,4) (S 2,4,4) (S 1,3,3) (S 18,1,3) (D 0,1,1)
0 1 2 20 33 8 (D 0,1,1) (S 3,5,5) (S 19,5,11) (S 20,10,11) (S 21,10,20) (S 14,20,20) (S 10,15,15) (D 0,1,1)
0 1 3 20 31 9 (D 0,1,1) (S 27,5,6) (S 4,6,6) (S 28,6,12) (S 8,12,12) (S 30,11,12) (S 22,11,15) (S 32,13,12) (D 0,1,1)
0 1 4 20 35 8 (D 0,1,1) (S 31,12,6) (S 9,13,13) (S 33,13,14) (S 23,14,18) (S 12,18,18) (S 35,17,18) (D 0,1,1)
0 1 5 19 31 6 (D 0,1,1) (S 7,9,9) (S 13,19,19) (S 36,22,19) (S 16,22,22) (D 0,1,1)
0 1 6 20 27 8 (D 0,1,1) (S 37,23,20) (S 38,23,24) (S 25,21,24) (S 15,21,21) (S 24,15,21) (S 34,16,15) (D 0,1,1)
0 1 7 18 44 6 (D 0,1,1) (S 5,7,7) (S 29,8,7) (S 6,8,8) (S 11,16,16) (D 0,1,1)
