848
8
10329100
10326800
0 1 1 40 81 9 (D 0,1,1) (S 17,1,2) (S 1,2,2) (S 18,3,4) (S 2,3,3) (S 24,1,3) (S 27,9,3) (S 37,21,15) (D 0,1,1)
0 1 2 40 68 6 (D 0,1,1) (S 19,4,5) (S 20,5,10) (S 5,10,10) (S 36,20,23) (D 0,1,1)
0 1 3 40 86 9 (D 0,1,1) (S 21,9,10) (S 30,11,10) (S 22,11,15) (S 8,15,15) (S 34,16,15) (S 32,13,17) (S 33,14,18) (D 0,1,1)
0 1 4 40 104 6 (D 0,1,1) (S 28,9,19) (S 12,19,19) (S 23,19,22) (S 35,17,13) (D 0,1,1)
0 1 5 40 130 8 (D 0,1,1) (S 25,5,11) (S 29,11,5) (S 31,12,11) (S 6,12,12) (S 38,21,24) (S 11,18,18) (D 0,1,1)
0 1 6 39 130 7 (D 0,1,1) (S 13,20,20) (S 39,23,20) (S 15,23,23) (S 40,23,24) (S 26,7,8) (D 0,1,1)
0 1 7 38 127 5 (D 0,1,1) (S 14,22,22) (S 16,24,24) (S 9,16,16) (D 0,1,1)
0 1 8 33 122 6 (D 0,1,1) (S 10,17,17) (S 7,14,14) (S 4,8,8) (S 3,6,6) (D 0,1,1)
