238
9
1048100
1046700
0 1 1 27 24 9 (D 0,1,1) (S 10,1,7) (S 6,7,7) (S 13,3,7) (S 2,3,3) (S 12,3,5) (S 4,5,5) (S 23,4,5) (D 0,1,1)
0 1 2 27 26 7 (D 0,1,1) (S 11,1,11) (S 14,4,11) (S 16,1,4) (S 5,6,6) (S 15,6,10) (D 0,1,1)
0 1 3 27 38 9 (D 0,1,1) (S 7,8,8) (S 25,5,8) (S 24,5,7) (S 18,2,7) (S 17,2,3) (S 19,3,4) (S 29,6,9) (D 0,1,1)
0 1 4 25 40 7 (D 0,1,1) (S 20,3,9) (S 8,9,9) (S 30,7,9) (S 31,7,10) (S 32,8,9) (D 0,1,1)
0 1 5 22 18 5 (D 0,1,1) (S 21,3,10) (S 9,10,10) (S 26,5,10) (D 0,1,1)
0 1 6 23 27 5 (D 0,1,1) (S 22,3,11) (S 27,5,11) (S 28,6,8) (D 0,1,1)
0 1 7 21 25 3 (D 0,1,1) (S 1,2,2) (D 0,1,1)
0 1 8 25 29 3 (D 0,1,1) (S 3,4,4) (D 0,1,1)
0 1 9 8 11 3 (D 0,1,1) (S 33,9,10) (D 0,1,1)
