438
10
6877600
6875500
0 1 1 27 28 7 (D 0,1,1) (S 12,1,3) (S 23,3,4) (S 26,4,10) (S 32,6,10) (S 24,3,6) (D 0,1,1)
0 1 2 27 29 8 (D 0,1,1) (S 13,1,27) (S 19,26,27) (S 44,23,26) (S 18,23,24) (S 11,24,24) (S 15,8,24) (D 0,1,1)
0 1 3 27 29 9 (D 0,1,1) (S 20,1,15) (S 38,13,15) (S 35,12,13) (S 14,2,12) (S 1,2,2) (S 36,12,19) (S 27,4,19) (D 0,1,1)
0 1 4 27 42 7 (D 0,1,1) (S 21,1,17) (S 40,15,17) (S 41,15,20) (S 8,20,20) (S 9,21,21) (D 0,1,1)
0 1 5 27 28 4 (D 0,1,1) (S 22,1,19) (S 2,4,4) (D 0,1,1)
0 1 6 27 63 8 (D 0,1,1) (S 34,10,11) (S 4,7,7) (S 30,6,7) (S 3,6,6) (S 31,6,8) (S 46,25,26) (D 0,1,1)
0 1 7 27 44 7 (D 0,1,1) (S 28,5,6) (S 29,5,9) (S 5,8,8) (S 25,3,8) (S 33,8,27) (D 0,1,1)
0 1 8 26 60 7 (D 0,1,1) (S 45,24,27) (S 43,21,23) (S 16,18,21) (S 37,13,14) (S 7,16,16) (D 0,1,1)
0 1 9 26 74 5 (D 0,1,1) (S 6,14,14) (S 39,14,16) (S 17,21,25) (D 0,1,1)
0 1 10 17 41 4 (D 0,1,1) (S 10,22,22) (S 42,18,25) (D 0,1,1)
