534
7
639500
638500
0 1 1 41 68 8 (D 0,1,1) (S 7,4,1) (S 2,4,4) (S 19,4,2) (S 14,2,3) (S 9,3,8) (S 4,7,7) (D 0,1,1)
0 1 2 40 50 7 (D 0,1,1) (S 8,1,7) (S 10,6,7) (S 13,1,6) (S 12,1,5) (S 3,5,5) (D 0,1,1)
0 1 3 40 104 7 (D 0,1,1) (S 16,3,1) (S 17,3,6) (S 21,5,6) (S 22,5,7) (S 23,6,9) (D 0,1,1)
0 1 4 38 72 5 (D 0,1,1) (S 18,3,7) (S 1,2,2) (S 15,2,8) (D 0,1,1)
0 1 5 41 169 6 (D 0,1,1) (S 24,7,8) (S 5,8,8) (S 11,8,10) (S 26,9,10) (D 0,1,1)
0 1 6 29 33 4 (D 0,1,1) (S 25,7,10) (S 20,4,5) (D 0,1,1)
0 1 7 16 38 3 (D 0,1,1) (S 6,9,9) (D 0,1,1)
