949
9
17725700
17723800
0 1 1 75 77 11 (D 0,1,1) (S 18,1,2) (S 1,2,2) (S 41,2,8) (S 23,8,14) (S 28,14,15) (S 7,15,15) (S 29,15,22) (S 32,22,23) (S 70,21,20) (D 0,1,1)
0 1 2 75 94 13 (D 0,1,1) (S 39,1,6) (S 22,6,12) (S 26,12,13) (S 6,13,13) (S 51,7,13) (S 3,7,7) (S 40,1,7) (S 47,6,1) (S 48,6,7) (S 50,7,1) (S 27,12,19) (D 0,1,1)
0 1 3 74 77 11 (D 0,1,1) (S 49,6,18) (S 8,18,18) (S 58,12,18) (S 65,18,12) (S 79,29,18) (S 37,29,30) (S 38,30,31) (S 35,26,31) (S 69,20,26) (D 0,1,1)
0 1 4 74 84 14 (D 0,1,1) (S 42,3,2) (S 19,3,9) (S 4,9,9) (S 24,9,10) (S 20,4,10) (S 2,4,4) (S 21,4,11) (S 5,11,11) (S 46,5,11) (S 45,5,4) (S 43,3,4) (S 44,3,10) (D 0,1,1)
0 1 5 75 131 10 (D 0,1,1) (S 9,19,19) (S 66,19,20) (S 59,14,20) (S 67,20,14) (S 68,20,19) (S 13,25,25) (S 80,29,25) (S 82,31,32) (D 0,1,1)
0 1 6 75 132 13 (D 0,1,1) (S 60,15,21) (S 10,21,21) (S 31,21,27) (S 34,26,27) (S 74,26,20) (S 61,16,15) (S 25,10,16) (S 53,10,3) (S 54,10,11) (S 55,11,10) (S 76,27,32) (D 0,1,1)
0 1 7 73 143 13 (D 0,1,1) (S 52,8,9) (S 30,16,17) (S 56,11,17) (S 57,11,24) (S 12,24,24) (S 64,17,24) (S 63,17,11) (S 72,24,17) (S 73,24,34) (S 78,28,34) (S 14,28,28) (D 0,1,1)
0 1 8 75 131 14 (D 0,1,1) (S 81,30,25) (S 83,32,31) (S 15,32,32) (S 84,32,33) (S 16,33,33) (S 36,28,33) (S 33,23,28) (S 11,23,23) (S 62,16,23) (S 71,22,28) (S 75,27,28) (S 77,28,27) (D 0,1,1)
0 1 9 18 80 4 (D 0,1,1) (S 85,33,32) (S 17,34,34) (D 0,1,1)
