6339
7
882021800
882020000
0 1 1 305 719 14 (D 0,1,1) (S 21,2,1) (S 22,3,2) (S 1,3,3) (S 23,4,2) (S 24,5,4) (S 2,5,5) (S 3,6,6) (S 25,10,9) (S 26,12,11) (S 4,12,12) (S 20,76,76) (S 27,14,13) (D 0,1,1)
0 1 2 305 630 9 (D 0,1,1) (S 66,69,4) (S 18,69,69) (S 67,69,58) (S 55,58,57) (S 54,57,42) (S 42,44,43) (S 46,48,47) (D 0,1,1)
0 1 3 305 769 14 (D 0,1,1) (S 68,69,59) (S 56,59,11) (S 28,16,12) (S 6,16,16) (S 29,16,13) (S 5,13,13) (S 30,17,15) (S 31,18,15) (S 7,18,18) (S 32,19,18) (S 51,52,50) (S 49,51,21) (D 0,1,1)
0 1 4 303 855 19 (D 0,1,1) (S 57,59,44) (S 43,45,44) (S 44,46,44) (S 45,47,46) (S 47,49,47) (S 48,50,49) (S 15,52,52) (S 52,54,52) (S 14,51,51) (S 50,51,49) (S 8,21,21) (S 34,21,19) (S 33,20,19) (S 71,76,20) (S 35,22,21) (S 69,75,22) (S 70,75,23) (D 0,1,1)
0 1 5 290 974 13 (D 0,1,1) (S 58,59,58) (S 59,60,58) (S 16,60,60) (S 60,61,60) (S 61,62,60) (S 62,63,62) (S 63,65,63) (S 64,66,62) (S 65,68,66) (S 53,56,55) (S 41,41,35) (D 0,1,1)
0 1 6 302 922 8 (D 0,1,1) (S 17,67,67) (S 13,41,41) (S 40,35,32) (S 37,32,31) (S 36,31,23) (S 10,26,26) (D 0,1,1)
0 1 7 224 1470 8 (D 0,1,1) (S 9,24,24) (S 11,27,27) (S 38,33,32) (S 12,36,36) (S 39,34,32) (S 19,73,73) (D 0,1,1)
