1012
10
418144400
418142200
0 1 1 75 73 12 (D 0,1,1) (S 68,1,6) (S 5,6,6) (S 49,5,6) (S 4,5,5) (S 80,11,5) (S 8,11,11) (S 51,11,19) (S 16,19,19) (S 88,19,26) (S 92,26,30) (D 0,1,1)
0 1 2 75 96 16 (D 0,1,1) (S 69,6,1) (S 70,6,7) (S 72,7,6) (S 71,6,13) (S 10,13,13) (S 52,13,14) (S 11,14,14) (S 53,14,15) (S 12,15,15) (S 50,9,15) (S 7,9,9) (S 48,3,9) (S 76,8,9) (S 36,40,40) (D 0,1,1)
0 1 3 75 101 14 (D 0,1,1) (S 82,13,6) (S 74,7,13) (S 73,7,8) (S 6,8,8) (S 75,8,7) (S 83,13,7) (S 81,12,13) (S 9,12,12) (S 17,20,20) (S 15,18,18) (S 87,18,29) (S 30,34,34) (D 0,1,1)
0 1 4 75 101 11 (D 0,1,1) (S 1,2,2) (S 47,2,3) (S 2,3,3) (S 77,9,8) (S 78,9,16) (S 13,16,16) (S 54,15,16) (S 20,23,23) (S 91,24,23) (D 0,1,1)
0 1 5 75 80 11 (D 0,1,1) (S 18,21,21) (S 55,21,27) (S 24,27,27) (S 57,27,35) (S 31,35,35) (S 62,35,36) (S 32,36,36) (S 100,37,36) (S 97,31,37) (D 0,1,1)
0 1 6 75 103 15 (D 0,1,1) (S 89,22,21) (S 19,22,22) (S 95,31,22) (S 27,31,31) (S 90,23,31) (S 96,31,23) (S 33,37,37) (S 101,37,43) (S 39,43,43) (S 63,38,43) (S 34,38,38) (S 102,38,28) (S 106,45,43) (D 0,1,1)
0 1 7 75 106 12 (D 0,1,1) (S 23,26,26) (S 26,30,30) (S 94,30,34) (S 59,33,34) (S 29,33,33) (S 58,29,33) (S 60,33,46) (S 42,46,46) (S 43,47,47) (S 64,40,41) (D 0,1,1)
0 1 8 75 110 15 (D 0,1,1) (S 84,16,9) (S 85,16,24) (S 21,24,24) (S 56,24,25) (S 22,25,25) (S 25,28,28) (S 93,28,32) (S 28,32,32) (S 98,32,38) (S 110,50,43) (S 46,50,50) (S 107,45,50) (S 105,42,44) (D 0,1,1)
0 1 9 72 107 17 (D 0,1,1) (S 61,34,40) (S 67,47,48) (S 44,48,48) (S 103,41,48) (S 37,41,41) (S 99,35,41) (S 104,42,41) (S 38,42,42) (S 40,44,44) (S 65,44,49) (S 45,49,49) (S 109,49,48) (S 108,48,41) (S 66,44,50) (S 41,45,45) (D 0,1,1)
0 1 10 32 135 7 (D 0,1,1) (S 14,17,17) (S 79,10,17) (S 86,17,10) (S 3,4,4) (S 35,39,39) (D 0,1,1)
