495
10
6718600
6716300
0 1 1 27 32 6 (D 0,1,1) (S 14,1,19) (S 20,1,3) (S 15,3,8) (S 29,6,8) (D 0,1,1)
0 1 2 27 32 5 (D 0,1,1) (S 21,1,17) (S 7,15,15) (S 33,13,15) (D 0,1,1)
0 1 3 27 52 9 (D 0,1,1) (S 22,1,27) (S 40,26,27) (S 11,23,23) (S 36,21,23) (S 10,21,21) (S 35,21,22) (S 13,25,25) (D 0,1,1)
0 1 4 27 99 10 (D 0,1,1) (S 1,2,2) (S 4,12,12) (S 5,13,13) (S 18,14,16) (S 8,16,16) (S 34,15,20) (S 38,22,25) (S 24,3,6) (D 0,1,1)
0 1 5 26 57 6 (D 0,1,1) (S 12,24,24) (S 39,23,24) (S 37,22,23) (S 3,6,6) (D 0,1,1)
0 1 6 26 33 6 (D 0,1,1) (S 23,3,4) (S 2,4,4) (S 25,4,5) (S 27,5,6) (D 0,1,1)
0 1 7 23 48 6 (D 0,1,1) (S 16,6,10) (S 32,10,11) (S 17,7,11) (S 28,5,9) (D 0,1,1)
0 1 8 23 46 5 (D 0,1,1) (S 26,4,6) (S 30,6,9) (S 31,8,9) (D 0,1,1)
0 1 9 27 52 4 (D 0,1,1) (S 6,14,14) (S 19,20,21) (D 0,1,1)
0 1 10 16 44 3 (D 0,1,1) (S 9,18,18) (D 0,1,1)
