893
7
17732400
17730400
0 1 1 200 130 26 (D 0,1,1) (S 31,1,2) (S 1,2,2) (S 39,2,1) (S 32,1,6) (S 5,6,6) (S 41,2,6) (S 40,2,3) (S 2,3,3) (S 43,3,2) (S 42,2,36) (S 124,29,36) (S 23,29,29) (S 123,29,30) (S 24,30,30) (S 125,30,29) (S 146,36,29) (S 144,35,36) (S 28,35,35) (S 37,1,35) (S 33,1,8) (S 7,8,8) (S 59,8,1) (S 34,1,10) (S 10,12,12) (D 0,1,1)
0 1 2 199 108 21 (D 0,1,1) (S 35,1,11) (S 9,11,11) (S 69,11,1) (S 36,1,33) (S 26,33,33) (S 116,26,33) (S 115,26,27) (S 21,27,27) (S 118,27,26) (S 117,26,34) (S 27,34,34) (S 120,27,34) (S 119,27,28) (S 22,28,28) (S 121,28,27) (S 138,34,27) (S 136,33,34) (S 134,33,1) (S 52,6,1) (D 0,1,1)
0 1 3 199 117 24 (D 0,1,1) (S 38,1,40) (S 62,8,40) (S 60,8,9) (S 63,9,8) (S 61,8,14) (S 12,14,14) (S 81,14,8) (S 162,40,8) (S 161,40,1) (S 66,10,1) (S 8,10,10) (S 64,9,10) (S 65,9,15) (S 13,15,15) (S 82,14,15) (S 84,15,14) (S 83,15,9) (S 67,10,9) (S 68,10,16) (S 71,11,16) (S 70,11,12) (S 55,6,12) (D 0,1,1)
0 1 4 198 114 24 (D 0,1,1) (S 141,35,1) (S 122,28,35) (S 142,35,28) (S 140,34,35) (S 137,34,26) (S 135,33,26) (S 139,34,33) (S 143,35,34) (S 147,36,35) (S 145,36,2) (S 53,6,2) (S 54,6,7) (S 6,7,7) (S 45,3,7) (S 44,3,4) (S 3,4,4) (S 47,4,3) (S 46,3,37) (S 29,37,37) (S 127,30,37) (S 126,30,31) (S 130,31,37) (D 0,1,1)
0 1 5 199 123 28 (D 0,1,1) (S 57,7,6) (S 56,7,3) (S 149,37,3) (S 148,36,37) (S 152,37,36) (S 150,37,30) (S 128,31,30) (S 129,31,32) (S 25,32,32) (S 132,32,31) (S 131,31,38) (S 49,4,38) (S 48,4,5) (S 4,5,5) (S 50,5,4) (S 154,38,4) (S 153,37,38) (S 151,37,31) (S 155,38,31) (S 156,38,37) (S 157,38,39) (S 30,39,39) (S 51,5,39) (S 158,39,5) (S 133,32,39) (S 159,39,32) (D 0,1,1)
0 1 6 200 150 28 (D 0,1,1) (S 72,12,6) (S 73,12,11) (S 87,16,11) (S 85,15,16) (S 88,16,15) (S 86,16,10) (S 74,12,13) (S 11,13,13) (S 58,7,13) (S 76,13,7) (S 77,13,12) (S 75,12,17) (S 14,17,17) (S 78,13,17) (S 79,13,18) (S 15,18,18) (S 91,17,18) (S 89,17,12) (S 90,17,13) (S 80,13,19) (S 16,19,19) (S 95,18,19) (S 93,18,13) (S 97,19,13) (S 98,19,18) (S 103,21,22) (D 0,1,1)
0 1 7 177 151 25 (D 0,1,1) (S 92,17,20) (S 17,20,20) (S 99,20,17) (S 94,18,17) (S 96,18,22) (S 19,22,22) (S 105,22,18) (S 106,22,21) (S 18,21,21) (S 100,20,21) (S 101,20,23) (S 108,23,20) (S 102,21,20) (S 104,21,24) (S 109,23,24) (S 111,24,23) (S 110,24,21) (S 107,22,25) (S 20,25,25) (S 112,24,25) (S 114,25,24) (S 113,25,22) (S 160,39,38) (D 0,1,1)
