292
10
2057800
2055400
0 1 1 27 35 9 (D 0,1,1) (S 11,1,3) (S 2,3,3) (S 13,3,4) (S 18,1,4) (S 12,2,6) (S 28,4,6) (S 30,4,9) (D 0,1,1)
0 1 2 27 21 7 (D 0,1,1) (S 19,1,5) (S 4,5,5) (S 14,5,8) (S 25,3,8) (S 24,3,7) (D 0,1,1)
0 1 3 27 29 4 (D 0,1,1) (S 1,2,2) (S 23,2,7) (D 0,1,1)
0 1 4 27 41 6 (D 0,1,1) (S 3,4,4) (S 35,6,10) (S 15,7,10) (S 27,3,11) (D 0,1,1)
0 1 5 27 23 5 (D 0,1,1) (S 7,8,8) (S 34,6,8) (S 33,6,7) (D 0,1,1)
0 1 6 27 34 6 (D 0,1,1) (S 10,11,11) (S 17,10,11) (S 9,10,10) (S 36,6,11) (D 0,1,1)
0 1 7 26 24 6 (D 0,1,1) (S 20,2,3) (S 26,3,9) (S 8,9,9) (S 37,7,8) (D 0,1,1)
0 1 8 27 26 7 (D 0,1,1) (S 21,2,4) (S 29,4,7) (S 6,7,7) (S 39,7,11) (S 41,8,11) (D 0,1,1)
0 1 9 27 32 7 (D 0,1,1) (S 22,2,5) (S 31,5,9) (S 16,9,10) (S 32,5,10) (S 38,7,9) (D 0,1,1)
0 1 10 24 27 5 (D 0,1,1) (S 40,8,9) (S 42,9,11) (S 5,6,6) (D 0,1,1)
