713
8
8308400
8306200
0 1 1 39 81 8 (D 0,1,1) (S 15,1,2) (S 1,2,2) (S 3,4,4) (S 16,3,4) (S 2,3,3) (S 36,15,21) (D 0,1,1)
0 1 2 39 54 8 (D 0,1,1) (S 23,1,3) (S 26,9,3) (S 7,9,9) (S 18,9,10) (S 27,10,11) (S 24,5,11) (D 0,1,1)
0 1 3 39 81 9 (D 0,1,1) (S 4,5,5) (S 29,11,5) (S 19,11,15) (S 35,15,16) (S 37,16,15) (S 40,21,15) (S 12,21,21) (D 0,1,1)
0 1 4 40 88 7 (D 0,1,1) (S 28,10,20) (S 11,20,20) (S 22,20,21) (S 42,24,21) (S 41,23,22) (D 0,1,1)
0 1 5 39 80 9 (D 0,1,1) (S 30,11,10) (S 32,12,11) (S 20,12,13) (S 33,13,17) (S 21,17,18) (S 34,14,18) (S 8,14,14) (D 0,1,1)
0 1 6 39 118 5 (D 0,1,1) (S 10,19,19) (S 13,22,22) (S 38,17,13) (D 0,1,1)
0 1 7 39 112 5 (D 0,1,1) (S 14,23,23) (S 43,24,23) (S 9,16,16) (D 0,1,1)
0 1 8 36 99 8 (D 0,1,1) (S 31,12,6) (S 5,6,6) (S 6,7,7) (S 25,8,7) (S 17,8,14) (S 39,18,14) (D 0,1,1)
