213
7
799500
798000
0 1 1 27 38 9 (D 0,1,1) (S 8,1,3) (S 17,3,5) (S 10,5,7) (S 14,1,7) (S 12,1,2) (S 9,2,9) (S 19,3,10) (D 0,1,1)
0 1 2 26 31 8 (D 0,1,1) (S 13,1,5) (S 16,2,5) (S 5,8,8) (S 24,8,10) (S 15,1,10) (S 7,11,11) (D 0,1,1)
0 1 3 27 40 4 (D 0,1,1) (S 1,2,2) (S 18,3,6) (D 0,1,1)
0 1 4 27 36 6 (D 0,1,1) (S 20,3,11) (S 2,4,4) (S 21,4,9) (S 11,6,9) (D 0,1,1)
0 1 5 18 25 5 (D 0,1,1) (S 23,6,10) (S 3,6,6) (S 22,6,7) (D 0,1,1)
0 1 6 14 20 3 (D 0,1,1) (S 4,7,7) (D 0,1,1)
0 1 7 15 23 3 (D 0,1,1) (S 6,9,9) (D 0,1,1)
