752
8
17235300
17233400
0 1 1 39 85 9 (D 0,1,1) (S 19,1,2) (S 1,2,2) (S 3,4,4) (S 20,3,4) (S 2,3,3) (S 26,1,3) (S 37,15,21) (D 0,1,1)
0 1 2 39 54 8 (D 0,1,1) (S 27,3,1) (S 29,9,3) (S 8,9,9) (S 21,9,10) (S 30,10,11) (S 28,5,11) (D 0,1,1)
0 1 3 40 77 7 (D 0,1,1) (S 41,19,9) (S 24,19,22) (S 16,22,22) (S 42,19,20) (S 15,21,21) (D 0,1,1)
0 1 4 40 81 9 (D 0,1,1) (S 4,5,5) (S 32,11,5) (S 22,11,15) (S 11,15,15) (S 39,16,15) (S 35,13,17) (S 36,14,13) (D 0,1,1)
0 1 5 40 103 8 (D 0,1,1) (S 31,10,20) (S 14,20,20) (S 25,20,21) (S 43,21,15) (S 33,11,10) (S 40,17,13) (D 0,1,1)
0 1 6 40 145 8 (D 0,1,1) (S 17,23,23) (S 44,24,21) (S 18,24,24) (S 13,18,18) (S 10,14,14) (S 6,7,7) (D 0,1,1)
0 1 7 40 115 6 (D 0,1,1) (S 12,16,16) (S 38,16,12) (S 9,12,12) (S 5,6,6) (D 0,1,1)
0 1 8 32 92 5 (D 0,1,1) (S 23,17,18) (S 7,8,8) (S 34,12,6) (D 0,1,1)
