919
10
264292300
264289300
0 1 1 75 72 14 (D 0,1,1) (S 65,6,1) (S 4,6,6) (S 35,5,6) (S 3,5,5) (S 63,5,11) (S 7,11,11) (S 39,11,19) (S 14,19,19) (S 46,18,19) (S 13,18,18) (S 87,26,18) (S 88,26,30) (D 0,1,1)
0 1 2 75 95 18 (D 0,1,1) (S 66,6,7) (S 5,7,7) (S 68,7,6) (S 67,6,13) (S 9,13,13) (S 40,13,14) (S 10,14,14) (S 36,8,14) (S 70,8,7) (S 69,7,13) (S 41,13,21) (S 16,21,21) (S 47,20,21) (S 15,20,20) (S 75,12,11) (S 105,41,48) (D 0,1,1)
0 1 3 75 86 17 (D 0,1,1) (S 77,13,6) (S 76,12,13) (S 8,12,12) (S 78,13,12) (S 42,14,22) (S 17,22,22) (S 82,22,31) (S 22,31,31) (S 53,27,31) (S 48,21,27) (S 52,27,30) (S 21,30,30) (S 90,30,34) (S 59,34,40) (S 106,41,49) (D 0,1,1)
0 1 4 75 78 11 (D 0,1,1) (S 64,5,18) (S 81,18,29) (S 56,29,33) (S 24,33,33) (S 58,33,40) (S 26,40,40) (S 51,26,34) (S 19,26,26) (S 96,34,30) (D 0,1,1)
0 1 5 75 106 15 (D 0,1,1) (S 74,11,5) (S 104,39,29) (S 95,33,39) (S 30,47,47) (S 115,46,47) (S 116,47,46) (S 31,48,48) (S 117,48,41) (S 97,35,41) (S 25,35,35) (S 54,27,35) (S 84,23,31) (S 83,23,24) (D 0,1,1)
0 1 6 75 84 11 (D 0,1,1) (S 1,2,2) (S 33,2,3) (S 2,3,3) (S 34,3,4) (S 62,4,10) (S 37,9,10) (S 6,9,9) (S 38,9,15) (S 85,24,23) (D 0,1,1)
0 1 7 75 82 15 (D 0,1,1) (S 11,15,15) (S 43,15,16) (S 12,16,16) (S 44,16,17) (S 45,17,25) (S 49,24,25) (S 86,24,32) (S 23,32,32) (S 57,32,37) (S 99,37,36) (S 98,36,42) (S 107,42,36) (S 109,42,44) (D 0,1,1)
0 1 8 75 104 16 (D 0,1,1) (S 18,23,23) (S 92,31,23) (S 91,31,22) (S 93,31,32) (S 94,32,38) (S 60,38,43) (S 27,43,43) (S 101,37,43) (S 100,37,38) (S 89,28,38) (S 20,28,28) (S 50,25,28) (S 102,38,28) (S 103,38,45) (D 0,1,1)
0 1 9 75 136 17 (D 0,1,1) (S 71,8,9) (S 72,9,16) (S 79,16,9) (S 73,10,17) (S 80,17,10) (S 55,27,36) (S 108,42,41) (S 110,43,42) (S 111,43,45) (S 29,45,45) (S 114,45,43) (S 112,43,50) (S 61,44,50) (S 113,44,42) (S 32,49,49) (D 0,1,1)
0 1 10 29 76 7 (D 0,1,1) (S 118,49,48) (S 119,49,50) (S 120,50,43) (S 121,50,45) (S 28,44,44) (D 0,1,1)
