287
11
2145300
2142900
0 1 1 27 30 7 (D 0,1,1) (S 18,1,2) (S 23,2,3) (S 2,3,3) (S 19,1,3) (S 32,4,5) (D 0,1,1)
0 1 2 27 25 8 (D 0,1,1) (S 20,1,4) (S 3,4,4) (S 24,2,4) (S 25,2,6) (S 11,5,6) (S 37,5,7) (D 0,1,1)
0 1 3 27 30 8 (D 0,1,1) (S 21,1,5) (S 4,5,5) (S 12,5,8) (S 7,8,8) (S 10,3,8) (S 38,5,11) (D 0,1,1)
0 1 4 27 29 7 (D 0,1,1) (S 22,1,10) (S 13,5,10) (S 29,3,4) (S 33,4,8) (S 42,8,9) (D 0,1,1)
0 1 5 27 29 4 (D 0,1,1) (S 1,2,2) (S 26,2,7) (D 0,1,1)
0 1 6 27 41 8 (D 0,1,1) (S 9,11,11) (S 15,7,11) (S 6,7,7) (S 30,3,7) (S 41,7,10) (S 34,4,9) (D 0,1,1)
0 1 7 27 33 8 (D 0,1,1) (S 17,10,11) (S 14,6,10) (S 39,6,9) (S 8,9,9) (S 16,9,10) (S 31,3,10) (D 0,1,1)
0 1 8 24 21 5 (D 0,1,1) (S 27,2,8) (S 43,8,10) (S 28,2,10) (D 0,1,1)
0 1 9 21 16 5 (D 0,1,1) (S 35,4,10) (S 36,4,11) (S 44,8,11) (D 0,1,1)
0 1 10 24 28 3 (D 0,1,1) (S 5,6,6) (D 0,1,1)
0 1 11 8 5 3 (D 0,1,1) (S 40,7,9) (D 0,1,1)
