612
8
778700
777500
0 1 1 41 60 7 (D 0,1,1) (S 7,1,6) (S 5,6,6) (S 14,3,6) (S 2,3,3) (S 15,3,7) (D 0,1,1)
0 1 2 41 178 8 (D 0,1,1) (S 11,1,8) (S 16,3,8) (S 13,2,3) (S 8,2,5) (S 9,5,7) (S 10,7,9) (D 0,1,1)
0 1 3 38 49 6 (D 0,1,1) (S 12,1,9) (S 19,5,9) (S 17,4,1) (S 18,4,2) (D 0,1,1)
0 1 4 34 84 6 (D 0,1,1) (S 6,7,7) (S 20,7,8) (S 22,8,9) (S 24,9,10) (D 0,1,1)
0 1 5 22 128 4 (D 0,1,1) (S 21,7,10) (S 23,8,10) (D 0,1,1)
0 1 6 22 34 3 (D 0,1,1) (S 3,4,4) (D 0,1,1)
0 1 7 21 35 3 (D 0,1,1) (S 4,5,5) (D 0,1,1)
0 1 8 26 44 3 (D 0,1,1) (S 1,2,2) (D 0,1,1)
