915
10
176909300
176906500
0 1 1 75 72 11 (D 0,1,1) (S 59,1,6) (S 35,5,6) (S 3,5,5) (S 69,11,5) (S 8,11,11) (S 70,12,11) (S 39,12,20) (S 46,19,20) (S 13,18,18) (D 0,1,1)
0 1 2 75 83 14 (D 0,1,1) (S 61,6,1) (S 62,6,7) (S 4,7,7) (S 33,2,7) (S 1,2,2) (S 32,2,3) (S 2,3,3) (S 34,3,9) (S 6,9,9) (S 37,9,10) (S 7,10,10) (S 5,8,8) (D 0,1,1)
0 1 3 75 89 16 (D 0,1,1) (S 63,6,12) (S 71,12,13) (S 9,13,13) (S 40,13,14) (S 10,14,14) (S 36,8,14) (S 65,7,8) (S 66,7,13) (S 41,13,21) (S 14,21,21) (S 47,20,21) (S 73,13,12) (S 86,26,30) (S 101,41,48) (D 0,1,1)
0 1 4 75 72 14 (D 0,1,1) (S 64,6,13) (S 72,13,7) (S 67,8,7) (S 38,9,15) (S 42,15,16) (S 11,16,16) (S 44,16,17) (S 12,17,17) (S 45,17,25) (S 48,24,25) (S 82,24,23) (S 15,23,23) (D 0,1,1)
0 1 5 75 109 11 (D 0,1,1) (S 78,20,30) (S 18,30,30) (S 50,27,30) (S 17,27,27) (S 89,30,34) (S 20,34,34) (S 53,33,34) (S 23,40,40) (S 103,42,44) (D 0,1,1)
0 1 6 75 109 16 (D 0,1,1) (S 43,15,23) (S 81,23,31) (S 80,22,31) (S 79,22,21) (S 90,31,22) (S 91,31,23) (S 68,9,16) (S 74,16,9) (S 92,31,32) (S 19,32,32) (S 52,32,37) (S 21,37,37) (S 93,31,37) (S 104,43,45) (D 0,1,1)
0 1 7 75 80 16 (D 0,1,1) (S 77,19,26) (S 16,26,26) (S 75,18,26) (S 76,18,29) (S 51,29,33) (S 54,33,40) (S 109,47,40) (S 29,47,47) (S 58,47,48) (S 30,48,48) (S 110,48,49) (S 31,49,49) (S 102,41,49) (S 96,35,41) (D 0,1,1)
0 1 8 74 90 15 (D 0,1,1) (S 84,26,18) (S 85,26,29) (S 100,39,29) (S 94,33,39) (S 55,33,46) (S 28,46,46) (S 95,35,34) (S 56,35,36) (S 97,36,42) (S 24,42,42) (S 106,44,42) (S 26,44,44) (S 57,44,50) (D 0,1,1)
0 1 9 75 117 14 (D 0,1,1) (S 83,24,32) (S 87,28,32) (S 49,25,28) (S 88,28,38) (S 22,38,38) (S 98,37,38) (S 25,43,43) (S 105,43,50) (S 108,45,50) (S 27,45,45) (S 107,45,38) (S 111,49,41) (D 0,1,1)
0 1 10 30 94 7 (D 0,1,1) (S 113,50,43) (S 112,49,50) (S 114,50,45) (S 99,38,28) (S 60,4,10) (D 0,1,1)
