1020
9
239641400
239638300
0 1 1 75 93 14 (D 0,1,1) (S 44,1,2) (S 1,2,2) (S 46,2,8) (S 7,8,8) (S 49,7,8) (S 6,7,7) (S 45,1,7) (S 50,8,2) (S 51,8,7) (S 56,13,7) (S 11,13,13) (S 67,24,23) (D 0,1,1)
0 1 2 75 89 15 (D 0,1,1) (S 2,3,3) (S 31,3,9) (S 8,9,9) (S 32,9,14) (S 12,14,14) (S 57,14,13) (S 65,23,13) (S 19,23,23) (S 66,23,14) (S 58,14,24) (S 39,24,25) (S 68,25,26) (S 60,16,19) (D 0,1,1)
0 1 3 75 122 12 (D 0,1,1) (S 47,3,4) (S 3,4,4) (S 48,4,3) (S 9,10,10) (S 52,10,15) (S 13,15,15) (S 35,15,25) (S 40,25,31) (S 24,31,31) (S 94,39,40) (D 0,1,1)
0 1 4 74 80 15 (D 0,1,1) (S 59,16,15) (S 33,11,16) (S 34,11,17) (S 14,17,17) (S 36,16,17) (S 61,19,16) (S 16,19,19) (S 63,20,19) (S 38,20,21) (S 17,21,21) (S 71,27,21) (S 64,20,27) (S 62,20,17) (D 0,1,1)
0 1 5 75 118 12 (D 0,1,1) (S 4,5,5) (S 53,11,5) (S 54,11,12) (S 10,12,12) (S 55,12,11) (S 37,17,18) (S 15,18,18) (S 18,22,22) (S 73,28,22) (S 22,27,27) (D 0,1,1)
0 1 6 74 100 10 (D 0,1,1) (S 20,24,24) (S 75,29,23) (S 76,29,30) (S 23,30,30) (S 42,30,31) (S 78,31,32) (S 41,27,32) (S 70,26,32) (D 0,1,1)
0 1 7 75 151 15 (D 0,1,1) (S 5,6,6) (S 72,27,26) (S 21,26,26) (S 69,26,25) (S 79,32,26) (S 80,32,36) (S 28,36,36) (S 43,36,40) (S 95,40,39) (S 29,39,39) (S 84,35,39) (S 27,35,35) (S 82,34,35) (D 0,1,1)
0 1 8 73 154 13 (D 0,1,1) (S 74,28,27) (S 85,36,32) (S 86,36,35) (S 83,35,34) (S 26,34,34) (S 77,29,34) (S 81,34,29) (S 90,38,34) (S 91,38,39) (S 92,39,36) (S 96,40,41) (D 0,1,1)
0 1 9 31 113 8 (D 0,1,1) (S 25,33,33) (S 87,37,33) (S 88,37,36) (S 93,39,38) (S 30,41,41) (S 89,37,41) (D 0,1,1)
