190
6
815600
814700
0 1 1 27 36 9 (D 0,1,1) (S 8,1,9) (S 6,9,9) (S 13,7,9) (S 4,7,7) (S 16,1,7) (S 14,1,5) (S 20,2,5) (D 0,1,1)
0 1 2 27 42 8 (D 0,1,1) (S 15,1,6) (S 3,6,6) (S 10,3,6) (S 2,3,3) (S 11,3,10) (S 12,6,10) (D 0,1,1)
0 1 3 27 23 7 (D 0,1,1) (S 17,1,8) (S 5,8,8) (S 26,4,8) (S 9,2,4) (S 21,2,6) (D 0,1,1)
0 1 4 27 38 9 (D 0,1,1) (S 18,1,10) (S 31,7,10) (S 25,4,7) (S 27,4,9) (S 22,2,9) (S 19,2,3) (S 29,6,11) (D 0,1,1)
0 1 5 26 28 5 (D 0,1,1) (S 1,2,2) (S 23,3,5) (S 28,5,7) (D 0,1,1)
0 1 6 20 23 5 (D 0,1,1) (S 7,11,11) (S 24,3,11) (S 30,7,8) (D 0,1,1)
