744
7
878400
877200
0 1 1 35 137 7 (D 0,1,1) (S 10,1,3) (S 13,2,3) (S 7,2,6) (S 12,1,5) (S 22,11,13) (D 0,1,1)
0 1 2 34 129 6 (D 0,1,1) (S 11,1,4) (S 9,4,5) (S 14,3,6) (S 20,8,9) (D 0,1,1)
0 1 3 35 93 5 (D 0,1,1) (S 1,2,2) (S 8,2,8) (S 21,8,12) (D 0,1,1)
0 1 4 33 72 5 (D 0,1,1) (S 15,4,10) (S 4,10,10) (S 17,5,10) (D 0,1,1)
0 1 5 35 104 5 (D 0,1,1) (S 16,4,11) (S 5,11,11) (S 19,6,12) (D 0,1,1)
0 1 6 26 135 5 (D 0,1,1) (S 18,6,10) (S 2,7,7) (S 3,9,9) (D 0,1,1)
0 1 7 14 74 3 (D 0,1,1) (S 6,12,12) (D 0,1,1)
