792
10
32460100
32457900
0 1 1 70 70 17 (D 0,1,1) (S 62,1,5) (S 3,5,5) (S 40,2,5) (S 1,2,2) (S 64,3,2) (S 2,3,3) (S 65,4,3) (S 41,4,7) (S 5,7,7) (S 74,12,7) (S 9,12,12) (S 45,12,19) (S 82,19,32) (S 55,32,40) (S 25,31,31) (D 0,1,1)
0 1 2 70 67 12 (D 0,1,1) (S 63,1,16) (S 13,16,16) (S 77,15,16) (S 12,15,15) (S 46,15,24) (S 19,24,24) (S 48,17,24) (S 14,17,17) (S 47,17,18) (S 78,15,23) (D 0,1,1)
0 1 3 70 64 16 (D 0,1,1) (S 66,5,1) (S 42,5,10) (S 8,10,10) (S 70,10,11) (S 44,11,18) (S 15,18,18) (S 71,10,17) (S 81,17,10) (S 80,16,17) (S 79,16,15) (S 18,23,23) (S 51,23,28) (S 21,27,27) (S 56,35,36) (D 0,1,1)
0 1 4 70 86 14 (D 0,1,1) (S 7,9,9) (S 43,9,14) (S 11,14,14) (S 76,14,22) (S 17,22,22) (S 49,21,22) (S 50,21,26) (S 20,26,26) (S 89,25,26) (S 88,25,20) (S 90,25,33) (S 100,36,38) (D 0,1,1)
0 1 5 70 79 17 (D 0,1,1) (S 67,6,5) (S 4,6,6) (S 68,6,11) (S 72,11,6) (S 73,11,12) (S 95,30,17) (S 24,30,30) (S 54,30,38) (S 30,38,38) (S 58,38,46) (S 36,46,46) (S 61,46,50) (S 39,50,50) (S 60,45,50) (S 85,23,29) (D 0,1,1)
0 1 6 69 94 14 (D 0,1,1) (S 83,22,14) (S 75,13,22) (S 10,13,13) (S 69,8,13) (S 6,8,8) (S 16,20,20) (S 91,26,25) (S 98,33,25) (S 27,33,33) (S 99,33,34) (S 103,38,36) (S 102,37,38) (D 0,1,1)
0 1 7 70 79 13 (D 0,1,1) (S 84,23,24) (S 86,24,29) (S 23,29,29) (S 52,28,29) (S 22,28,28) (S 53,28,36) (S 57,36,44) (S 35,44,44) (S 107,43,44) (S 34,43,43) (S 93,29,23) (D 0,1,1)
0 1 8 67 85 13 (D 0,1,1) (S 87,24,30) (S 104,39,30) (S 31,39,39) (S 96,31,39) (S 97,32,31) (S 26,32,32) (S 105,39,31) (S 106,39,47) (S 37,47,47) (S 112,47,39) (S 94,29,37) (D 0,1,1)
0 1 9 70 95 14 (D 0,1,1) (S 92,27,35) (S 29,35,35) (S 101,37,29) (S 59,45,48) (S 108,43,48) (S 109,44,43) (S 110,45,44) (S 111,45,49) (S 38,49,49) (S 114,48,49) (S 113,48,43) (S 33,42,42) (D 0,1,1)
0 1 10 28 73 6 (D 0,1,1) (S 28,34,34) (S 32,41,41) (S 116,49,48) (S 115,49,45) (D 0,1,1)
