560
8
9677800
9676600
0 1 1 45 61 7 (D 0,1,1) (S 15,1,20) (S 33,15,20) (S 34,15,21) (S 13,21,21) (S 25,2,4) (D 0,1,1)
0 1 2 45 43 8 (D 0,1,1) (S 23,1,11) (S 8,11,11) (S 17,6,11) (S 5,6,6) (S 19,12,16) (S 35,16,15) (D 0,1,1)
0 1 3 45 46 9 (D 0,1,1) (S 24,1,19) (S 28,9,19) (S 7,9,9) (S 16,3,10) (S 29,10,2) (S 3,4,4) (S 30,12,11) (D 0,1,1)
0 1 4 44 60 8 (D 0,1,1) (S 4,5,5) (S 26,6,5) (S 31,12,17) (S 32,13,17) (S 36,16,17) (S 37,20,15) (D 0,1,1)
0 1 5 45 111 5 (D 0,1,1) (S 12,19,19) (S 14,22,22) (S 11,18,18) (D 0,1,1)
0 1 6 44 70 5 (D 0,1,1) (S 2,3,3) (S 1,2,2) (S 38,20,21) (D 0,1,1)
0 1 7 45 91 8 (D 0,1,1) (S 39,21,24) (S 22,23,24) (S 40,24,21) (S 18,6,12) (S 10,17,17) (S 9,14,14) (D 0,1,1)
0 1 8 45 78 6 (D 0,1,1) (S 6,7,7) (S 20,13,14) (S 21,14,18) (S 27,8,14) (D 0,1,1)
