716
9
13396000
13394500
0 1 1 65 64 10 (D 0,1,1) (S 28,1,6) (S 4,6,6) (S 1,2,2) (S 30,2,36) (S 23,36,36) (S 39,29,36) (S 67,30,31) (S 25,38,38) (D 0,1,1)
0 1 2 65 55 10 (D 0,1,1) (S 29,1,35) (S 22,35,35) (S 42,35,36) (S 45,2,1) (S 43,1,11) (S 9,11,11) (S 32,11,16) (S 52,10,9) (D 0,1,1)
0 1 3 65 58 10 (D 0,1,1) (S 44,1,40) (S 27,40,40) (S 51,8,40) (S 6,8,8) (S 50,8,9) (S 7,9,9) (S 55,15,9) (S 56,15,16) (D 0,1,1)
0 1 4 65 99 10 (D 0,1,1) (S 53,11,12) (S 10,12,12) (S 54,12,11) (S 12,16,16) (S 57,16,15) (S 33,14,15) (S 8,10,10) (S 65,26,33) (D 0,1,1)
0 1 5 65 97 14 (D 0,1,1) (S 21,33,33) (S 41,33,34) (S 37,27,34) (S 18,27,27) (S 19,28,28) (S 66,28,35) (S 71,34,35) (S 70,33,26) (S 2,3,3) (S 46,3,4) (S 47,3,37) (S 74,37,38) (D 0,1,1)
0 1 6 65 70 14 (D 0,1,1) (S 5,7,7) (S 31,7,13) (S 11,13,13) (S 58,17,13) (S 60,20,17) (S 14,20,20) (S 61,21,20) (S 62,21,22) (S 15,22,22) (S 35,22,25) (S 36,24,25) (S 63,21,24) (D 0,1,1)
0 1 7 65 75 12 (D 0,1,1) (S 72,37,3) (S 24,37,37) (S 68,31,37) (S 20,31,31) (S 69,32,31) (S 40,32,39) (S 26,39,39) (S 49,5,39) (S 76,39,5) (S 59,18,13) (D 0,1,1)
0 1 8 59 102 9 (D 0,1,1) (S 3,4,4) (S 48,5,4) (S 75,38,39) (S 73,37,30) (S 38,29,30) (S 13,18,18) (S 64,24,21) (D 0,1,1)
0 1 9 45 96 5 (D 0,1,1) (S 17,26,26) (S 34,18,19) (S 16,23,23) (D 0,1,1)
