560
8
9454900
9450700
0 1 1 45 44 10 (D 0,1,1) (S 16,1,5) (S 18,2,5) (S 1,2,2) (S 29,2,10) (S 35,10,2) (S 19,3,4) (S 34,9,19) (S 30,4,5) (D 0,1,1)
0 1 2 45 82 9 (D 0,1,1) (S 17,1,20) (S 38,15,20) (S 9,15,15) (S 44,20,15) (S 45,20,21) (S 15,23,23) (S 37,13,17) (D 0,1,1)
0 1 3 45 40 7 (D 0,1,1) (S 26,1,9) (S 42,19,9) (S 13,19,19) (S 28,1,19) (S 31,5,4) (D 0,1,1)
0 1 4 44 54 7 (D 0,1,1) (S 27,1,11) (S 20,5,11) (S 32,5,6) (S 21,6,11) (S 39,16,17) (D 0,1,1)
0 1 5 45 74 6 (D 0,1,1) (S 36,11,1) (S 3,6,6) (S 33,7,6) (S 5,8,8) (D 0,1,1)
0 1 6 45 72 7 (D 0,1,1) (S 43,19,22) (S 25,22,23) (S 24,21,23) (S 46,24,21) (S 10,16,16) (D 0,1,1)
0 1 7 45 109 8 (D 0,1,1) (S 2,3,3) (S 14,21,21) (S 4,7,7) (S 22,7,13) (S 40,17,16) (S 41,17,18) (D 0,1,1)
0 1 8 44 85 8 (D 0,1,1) (S 6,12,12) (S 23,12,16) (S 11,17,17) (S 7,13,13) (S 12,18,18) (S 8,14,14) (D 0,1,1)
