883
9
7168600
7166700
0 1 1 65 77 12 (D 0,1,1) (S 21,1,2) (S 1,2,2) (S 36,2,9) (S 6,9,9) (S 44,9,2) (S 37,3,2) (S 22,3,10) (S 25,10,15) (S 46,9,15) (S 4,7,7) (D 0,1,1)
0 1 2 65 89 9 (D 0,1,1) (S 3,5,5) (S 23,5,8) (S 5,8,8) (S 24,7,8) (S 38,6,7) (S 40,7,4) (S 42,8,13) (D 0,1,1)
0 1 3 65 89 8 (D 0,1,1) (S 43,8,14) (S 9,14,14) (S 27,14,15) (S 10,15,15) (S 28,15,19) (S 53,14,17) (D 0,1,1)
0 1 4 65 119 9 (D 0,1,1) (S 51,13,8) (S 52,13,16) (S 11,16,16) (S 49,11,16) (S 7,11,11) (S 48,11,12) (S 16,25,25) (D 0,1,1)
0 1 5 64 91 13 (D 0,1,1) (S 45,9,10) (S 26,10,19) (S 12,18,18) (S 29,17,18) (S 30,17,22) (S 31,22,25) (S 61,25,29) (S 58,21,29) (S 59,22,21) (S 60,22,29) (S 64,30,25) (D 0,1,1)
0 1 6 62 100 12 (D 0,1,1) (S 47,10,9) (S 57,18,15) (S 62,26,18) (S 17,26,26) (S 34,26,30) (S 20,30,30) (S 65,30,29) (S 63,29,22) (S 56,17,14) (S 50,12,11) (D 0,1,1)
0 1 7 65 107 9 (D 0,1,1) (S 55,17,13) (S 19,29,29) (S 18,28,28) (S 33,24,28) (S 32,24,27) (S 35,27,28) (S 54,16,11) (D 0,1,1)
0 1 8 52 77 6 (D 0,1,1) (S 41,7,12) (S 8,12,12) (S 39,6,11) (S 2,4,4) (D 0,1,1)
0 1 9 63 134 5 (D 0,1,1) (S 14,21,21) (S 13,20,20) (S 15,23,23) (D 0,1,1)
