931
10
166880100
166876500
0 1 1 75 85 15 (D 0,1,1) (S 61,1,6) (S 3,6,6) (S 65,6,1) (S 62,2,1) (S 1,2,2) (S 4,7,7) (S 68,7,6) (S 66,6,12) (S 8,12,12) (S 73,11,12) (S 7,11,11) (S 64,5,11) (S 87,26,30) (D 0,1,1)
0 1 2 75 83 12 (D 0,1,1) (S 67,6,13) (S 9,13,13) (S 40,13,14) (S 10,14,14) (S 11,15,15) (S 38,9,15) (S 6,9,9) (S 37,3,9) (S 36,3,4) (S 71,9,8) (D 0,1,1)
0 1 3 75 64 14 (D 0,1,1) (S 75,13,6) (S 41,13,21) (S 47,20,21) (S 14,20,20) (S 46,19,20) (S 39,11,19) (S 74,12,11) (S 42,15,23) (S 82,23,22) (S 15,22,22) (S 80,21,22) (S 81,22,21) (D 0,1,1)
0 1 4 75 85 12 (D 0,1,1) (S 2,5,5) (S 45,18,19) (S 77,18,26) (S 17,26,26) (S 50,26,34) (S 53,33,34) (S 54,33,40) (S 55,34,40) (S 94,34,30) (S 102,40,47) (D 0,1,1)
0 1 5 75 93 16 (D 0,1,1) (S 69,7,8) (S 5,8,8) (S 70,8,7) (S 76,16,9) (S 12,16,16) (S 43,16,17) (S 13,17,17) (S 44,17,25) (S 49,25,28) (S 88,28,32) (S 92,31,32) (S 21,31,31) (S 84,23,31) (S 83,23,24) (D 0,1,1)
0 1 6 75 98 11 (D 0,1,1) (S 48,21,27) (S 18,27,27) (S 51,27,31) (S 91,31,23) (S 85,24,23) (S 16,24,24) (S 89,28,38) (S 25,38,38) (S 100,38,28) (D 0,1,1)
0 1 7 75 93 19 (D 0,1,1) (S 79,19,26) (S 86,26,29) (S 19,29,29) (S 78,18,29) (S 90,30,26) (S 20,30,30) (S 95,35,34) (S 56,35,36) (S 52,27,36) (S 58,40,41) (S 26,41,41) (S 96,35,41) (S 97,36,42) (S 27,42,42) (S 104,42,36) (S 108,44,42) (S 103,41,48) (D 0,1,1)
0 1 8 75 114 14 (D 0,1,1) (S 101,39,29) (S 23,33,33) (S 109,47,40) (S 32,47,47) (S 60,47,48) (S 33,48,48) (S 110,48,41) (S 105,42,41) (S 106,43,42) (S 28,43,43) (S 57,38,43) (S 111,49,41) (D 0,1,1)
0 1 9 74 136 14 (D 0,1,1) (S 93,31,37) (S 24,37,37) (S 98,37,38) (S 99,37,43) (S 107,43,50) (S 35,50,50) (S 59,44,50) (S 29,44,44) (S 34,49,49) (S 112,50,45) (S 30,45,45) (S 31,46,46) (D 0,1,1)
0 1 10 30 80 5 (D 0,1,1) (S 22,32,32) (S 72,10,17) (S 63,4,10) (D 0,1,1)
