588
10
21950300
21946200
0 1 1 50 35 11 (D 0,1,1) (S 18,1,31) (S 21,6,31) (S 5,6,6) (S 39,5,6) (S 4,5,5) (S 40,5,10) (S 24,10,11) (S 41,6,11) (S 48,11,6) (D 0,1,1)
0 1 2 50 51 10 (D 0,1,1) (S 34,1,2) (S 1,2,2) (S 36,2,1) (S 35,1,30) (S 17,30,30) (S 63,29,30) (S 33,29,31) (S 32,28,31) (D 0,1,1)
0 1 3 50 58 11 (D 0,1,1) (S 37,2,3) (S 2,3,3) (S 19,3,4) (S 3,4,4) (S 20,4,13) (S 23,9,13) (S 44,9,4) (S 52,13,12) (S 46,10,14) (D 0,1,1)
0 1 4 50 53 12 (D 0,1,1) (S 38,3,2) (S 64,31,5) (S 45,10,5) (S 47,10,16) (S 11,16,16) (S 56,17,16) (S 55,17,11) (S 49,11,12) (S 8,12,12) (S 53,14,10) (D 0,1,1)
0 1 5 49 51 9 (D 0,1,1) (S 62,29,28) (S 61,28,26) (S 15,26,26) (S 60,23,26) (S 29,23,24) (S 31,24,27) (S 9,14,14) (D 0,1,1)
0 1 6 48 45 6 (D 0,1,1) (S 42,7,6) (S 6,7,7) (S 43,7,8) (S 7,8,8) (D 0,1,1)
0 1 7 50 97 8 (D 0,1,1) (S 16,27,27) (S 30,23,25) (S 14,25,25) (S 50,12,11) (S 22,8,12) (S 59,21,18) (D 0,1,1)
0 1 8 45 80 8 (D 0,1,1) (S 54,15,14) (S 10,15,15) (S 51,12,18) (S 12,18,18) (S 57,18,12) (S 25,13,19) (D 0,1,1)
0 1 9 50 75 6 (D 0,1,1) (S 13,19,19) (S 26,19,21) (S 28,21,22) (S 27,20,22) (D 0,1,1)
0 1 10 9 43 3 (D 0,1,1) (S 58,19,22) (D 0,1,1)
