976
9
39094900
39090700
0 1 1 75 118 10 (D 0,1,1) (S 47,7,1) (S 5,7,7) (S 48,7,6) (S 4,6,6) (S 30,6,12) (S 10,12,12) (S 11,13,13) (S 38,22,23) (D 0,1,1)
0 1 2 74 83 10 (D 0,1,1) (S 32,12,19) (S 34,13,19) (S 28,2,13) (S 1,2,2) (S 43,2,8) (S 6,8,8) (S 49,8,9) (S 7,9,9) (D 0,1,1)
0 1 3 73 84 10 (D 0,1,1) (S 58,18,12) (S 15,18,18) (S 59,19,18) (S 36,19,25) (S 20,25,25) (S 40,25,26) (S 21,26,26) (S 62,20,26) (D 0,1,1)
0 1 4 75 90 12 (D 0,1,1) (S 33,13,14) (S 12,14,14) (S 35,14,15) (S 13,15,15) (S 54,15,9) (S 31,9,10) (S 8,10,10) (S 50,10,3) (S 44,3,4) (S 3,4,4) (D 0,1,1)
0 1 5 73 108 13 (D 0,1,1) (S 69,29,18) (S 24,29,29) (S 70,29,25) (S 66,25,30) (S 25,30,30) (S 71,30,25) (S 60,19,20) (S 16,20,20) (S 61,20,14) (S 63,21,15) (S 17,21,21) (D 0,1,1)
0 1 6 73 117 11 (D 0,1,1) (S 67,26,20) (S 22,27,27) (S 37,21,27) (S 64,22,28) (S 23,28,28) (S 39,23,28) (S 18,23,23) (S 55,16,23) (S 51,10,11) (D 0,1,1)
0 1 7 75 135 12 (D 0,1,1) (S 53,11,10) (S 9,11,11) (S 29,4,11) (S 45,5,4) (S 46,5,11) (S 52,11,5) (S 56,17,11) (S 57,17,24) (S 65,24,34) (S 42,33,34) (D 0,1,1)
0 1 8 74 156 9 (D 0,1,1) (S 2,3,3) (S 14,16,16) (S 19,24,24) (S 27,34,34) (S 68,28,34) (S 41,28,33) (S 26,32,32) (D 0,1,1)
0 1 9 22 85 7 (D 0,1,1) (S 72,31,32) (S 73,32,31) (S 74,32,33) (S 75,33,32) (S 76,34,28) (D 0,1,1)
