1026
9
23643900
23641700
0 1 1 75 91 13 (D 0,1,1) (S 42,1,7) (S 6,7,7) (S 53,13,7) (S 10,13,13) (S 31,12,13) (S 9,12,12) (S 32,12,19) (S 56,19,20) (S 17,20,20) (S 57,20,14) (S 60,21,20) (D 0,1,1)
0 1 2 75 134 8 (D 0,1,1) (S 46,6,1) (S 5,6,6) (S 15,18,18) (S 67,29,18) (S 25,29,29) (S 37,22,23) (D 0,1,1)
0 1 3 75 104 8 (D 0,1,1) (S 1,2,2) (S 29,8,14) (S 11,14,14) (S 33,14,15) (S 12,15,15) (S 34,15,22) (D 0,1,1)
0 1 4 74 115 9 (D 0,1,1) (S 16,19,19) (S 58,20,19) (S 22,26,26) (S 38,25,26) (S 21,25,25) (S 26,30,30) (S 40,30,31) (D 0,1,1)
0 1 5 75 99 12 (D 0,1,1) (S 48,9,15) (S 28,3,9) (S 2,3,3) (S 43,3,10) (S 7,10,10) (S 30,9,10) (S 47,8,9) (S 54,15,21) (S 18,21,21) (S 59,21,15) (D 0,1,1)
0 1 6 73 113 11 (D 0,1,1) (S 36,21,22) (S 61,22,28) (S 24,28,28) (S 64,28,22) (S 19,23,23) (S 55,16,23) (S 13,16,16) (S 35,16,17) (S 8,11,11) (D 0,1,1)
0 1 7 75 146 16 (D 0,1,1) (S 39,26,31) (S 68,31,32) (S 27,32,32) (S 63,27,32) (S 23,27,27) (S 65,28,27) (S 66,28,34) (S 41,33,34) (S 70,33,32) (S 69,32,27) (S 72,34,28) (S 71,34,24) (S 45,5,11) (S 50,11,5) (D 0,1,1)
0 1 8 69 132 9 (D 0,1,1) (S 49,10,3) (S 44,4,3) (S 3,4,4) (S 51,11,10) (S 52,11,24) (S 20,24,24) (S 62,24,11) (D 0,1,1)
0 1 9 23 92 4 (D 0,1,1) (S 14,17,17) (S 4,5,5) (D 0,1,1)
