672
9
23064600
23061900
0 1 1 65 68 13 (D 0,1,1) (S 24,1,10) (S 57,10,9) (S 5,9,9) (S 55,8,9) (S 4,8,8) (S 31,8,14) (S 9,14,14) (S 10,15,15) (S 61,15,16) (S 43,1,2) (S 1,2,2) (D 0,1,1)
0 1 2 65 70 11 (D 0,1,1) (S 25,1,33) (S 18,33,33) (S 19,34,34) (S 41,27,34) (S 40,26,27) (S 72,27,28) (S 14,28,28) (S 73,28,27) (S 54,6,12) (D 0,1,1)
0 1 3 65 71 10 (D 0,1,1) (S 26,1,35) (S 20,35,35) (S 77,35,28) (S 78,35,34) (S 44,1,8) (S 56,9,8) (S 62,16,10) (S 63,16,15) (D 0,1,1)
0 1 4 65 64 12 (D 0,1,1) (S 45,1,40) (S 23,40,40) (S 58,11,1) (S 6,11,11) (S 32,11,16) (S 59,11,12) (S 7,12,12) (S 33,12,17) (S 64,17,13) (S 8,13,13) (D 0,1,1)
0 1 5 65 59 12 (D 0,1,1) (S 27,2,36) (S 79,36,37) (S 21,37,37) (S 49,3,37) (S 28,3,7) (S 3,7,7) (S 30,7,13) (S 34,13,19) (S 11,18,18) (S 65,18,13) (D 0,1,1)
0 1 6 64 63 12 (D 0,1,1) (S 46,2,3) (S 48,3,4) (S 29,4,38) (S 82,37,38) (S 76,31,37) (S 16,31,31) (S 74,30,31) (S 42,29,30) (S 15,29,29) (S 75,31,30) (D 0,1,1)
0 1 7 64 93 16 (D 0,1,1) (S 47,2,6) (S 2,6,6) (S 53,6,7) (S 50,4,3) (S 51,5,4) (S 52,5,39) (S 22,39,39) (S 84,38,39) (S 83,38,37) (S 80,37,3) (S 81,37,36) (S 60,12,6) (S 66,18,17) (S 37,22,25) (D 0,1,1)
0 1 8 64 97 9 (D 0,1,1) (S 13,26,26) (S 35,18,22) (S 68,21,22) (S 67,21,20) (S 12,20,20) (S 36,20,23) (S 69,21,24) (D 0,1,1)
0 1 9 42 87 8 (D 0,1,1) (S 85,39,38) (S 17,32,32) (S 70,22,21) (S 71,24,21) (S 38,23,24) (S 39,24,25) (D 0,1,1)
