22323
25
4889457000
4889454900
0 1 1 1646 1212 14 (D 0,1,1) (S 97,37,38) (S 18,37,37) (S 67,21,37) (S 12,21,21) (S 46,6,21) (S 4,6,6) (S 43,5,6) (S 3,5,5) (S 42,4,5) (S 61,19,4) (S 64,20,19) (S 106,41,54) (D 0,1,1)
0 1 2 1630 917 8 (D 0,1,1) (S 98,38,52) (S 28,52,52) (S 102,39,52) (S 19,39,39) (S 71,23,39) (S 69,22,23) (D 0,1,1)
0 1 3 1639 840 10 (D 0,1,1) (S 101,39,38) (S 74,24,39) (S 13,24,24) (S 72,24,8) (S 6,8,8) (S 47,8,9) (S 48,9,10) (S 84,29,13) (D 0,1,1)
0 1 4 1638 901 9 (D 0,1,1) (S 131,52,51) (S 27,51,51) (S 128,50,51) (S 125,49,50) (S 26,49,49) (S 124,49,35) (S 62,19,35) (D 0,1,1)
0 1 5 1623 639 9 (D 0,1,1) (S 132,52,53) (S 29,53,53) (S 133,53,39) (S 99,39,22) (S 68,22,21) (S 45,6,20) (S 127,50,37) (D 0,1,1)
0 1 6 1637 915 7 (D 0,1,1) (S 134,53,52) (S 135,53,54) (S 30,54,54) (S 136,54,40) (S 20,40,40) (D 0,1,1)
0 1 7 1649 545 10 (D 0,1,1) (S 155,63,52) (S 33,63,63) (S 130,51,63) (S 129,51,37) (S 96,36,37) (S 94,36,20) (S 65,20,35) (S 161,66,65) (D 0,1,1)
0 1 8 1632 863 11 (D 0,1,1) (S 159,65,53) (S 139,54,65) (S 137,54,41) (S 21,41,41) (S 76,25,41) (S 75,25,9) (S 49,10,11) (S 50,11,12) (S 117,45,57) (D 0,1,1)
0 1 9 1649 757 9 (D 0,1,1) (S 154,63,51) (S 156,63,62) (S 32,62,62) (S 151,61,62) (S 148,61,49) (S 93,35,34) (S 92,34,48) (D 0,1,1)
0 1 10 1647 729 10 (D 0,1,1) (S 138,54,55) (S 107,41,55) (S 105,41,40) (S 103,40,24) (S 73,24,9) (S 77,26,10) (S 141,55,67) (S 57,16,1) (D 0,1,1)
0 1 11 1645 1177 9 (D 0,1,1) (S 140,54,66) (S 34,66,66) (S 162,67,66) (S 163,67,68) (S 35,68,68) (S 165,69,56) (S 104,40,39) (D 0,1,1)
0 1 12 1624 545 9 (D 0,1,1) (S 160,65,54) (S 158,64,65) (S 157,63,64) (S 152,62,50) (S 126,50,36) (S 95,36,35) (S 10,18,18) (D 0,1,1)
0 1 13 1645 1009 9 (D 0,1,1) (S 100,39,23) (S 70,23,7) (S 5,7,7) (S 44,6,7) (S 66,21,20) (S 40,3,4) (S 146,59,60) (D 0,1,1)
0 1 14 1627 1244 9 (D 0,1,1) (S 153,62,61) (S 149,61,50) (S 63,20,5) (S 11,19,19) (S 90,33,34) (S 17,33,33) (S 147,60,48) (D 0,1,1)
0 1 15 1627 670 9 (D 0,1,1) (S 108,41,56) (S 142,56,42) (S 22,42,42) (S 79,26,42) (S 78,26,25) (S 109,42,41) (S 112,44,28) (D 0,1,1)
0 1 16 1599 848 10 (D 0,1,1) (S 150,61,60) (S 122,48,34) (S 91,34,18) (S 41,3,18) (S 38,2,3) (S 2,2,2) (S 37,1,2) (S 52,12,28) (D 0,1,1)
0 1 17 1635 521 9 (D 0,1,1) (S 164,68,56) (S 166,69,68) (S 111,43,69) (S 82,27,43) (S 14,27,27) (S 81,27,26) (S 83,28,27) (D 0,1,1)
0 1 18 1593 458 8 (D 0,1,1) (S 123,48,49) (S 60,18,17) (S 39,2,17) (S 59,17,16) (S 58,16,32) (S 88,32,33) (D 0,1,1)
0 1 19 1584 944 8 (D 0,1,1) (S 110,42,43) (S 113,44,45) (S 23,45,45) (S 114,45,29) (S 85,29,28) (S 8,14,14) (D 0,1,1)
0 1 20 1640 1021 9 (D 0,1,1) (S 7,11,11) (S 80,27,11) (S 51,12,13) (S 53,13,14) (S 54,14,15) (S 56,15,31) (S 25,47,47) (D 0,1,1)
0 1 21 1627 1085 7 (D 0,1,1) (S 115,45,44) (S 116,45,46) (S 24,46,46) (S 118,46,30) (S 16,30,30) (D 0,1,1)
0 1 22 1617 926 8 (D 0,1,1) (S 15,28,28) (S 143,57,45) (S 144,57,70) (S 167,70,69) (S 119,46,47) (S 120,47,31) (D 0,1,1)
0 1 23 1615 808 8 (D 0,1,1) (S 145,58,57) (S 31,58,58) (S 121,47,58) (S 87,31,30) (S 55,14,30) (S 86,30,29) (D 0,1,1)
0 1 24 1446 1835 7 (D 0,1,1) (S 168,70,71) (S 36,71,71) (S 169,71,58) (S 9,15,15) (S 89,32,59) (D 0,1,1)
0 1 25 494 914 3 (D 0,1,1) (S 1,1,1) (D 0,1,1)
