864
10
493382900
493380600
0 1 1 75 56 12 (D 0,1,1) (S 24,1,5) (S 28,5,6) (S 3,6,6) (S 58,6,12) (S 7,12,12) (S 32,12,20) (S 38,19,20) (S 31,11,19) (S 6,11,11) (S 56,5,11) (D 0,1,1)
0 1 2 75 92 13 (D 0,1,1) (S 55,2,1) (S 25,2,3) (S 1,3,3) (S 27,3,4) (S 2,4,4) (S 65,10,17) (S 10,17,17) (S 36,16,17) (S 34,15,16) (S 62,8,9) (S 83,26,30) (D 0,1,1)
0 1 3 75 80 15 (D 0,1,1) (S 59,7,6) (S 4,7,7) (S 26,2,7) (S 60,7,13) (S 8,13,13) (S 67,12,13) (S 66,11,12) (S 37,18,19) (S 57,5,18) (S 76,19,26) (S 14,26,26) (S 42,26,34) (S 47,33,34) (D 0,1,1)
0 1 4 75 69 15 (D 0,1,1) (S 68,13,6) (S 69,13,7) (S 61,8,7) (S 29,8,14) (S 9,14,14) (S 33,14,22) (S 11,22,22) (S 78,21,22) (S 39,20,21) (S 77,20,30) (S 86,30,26) (S 74,18,26) (S 82,26,18) (D 0,1,1)
0 1 5 75 87 15 (D 0,1,1) (S 70,13,12) (S 30,9,15) (S 5,9,9) (S 63,9,8) (S 64,9,16) (S 71,16,9) (S 35,15,23) (S 12,23,23) (S 79,23,24) (S 13,24,24) (S 72,16,24) (S 80,23,31) (S 16,31,31) (D 0,1,1)
0 1 6 75 75 13 (D 0,1,1) (S 40,21,27) (S 15,27,27) (S 43,27,35) (S 50,35,36) (S 44,27,36) (S 87,30,34) (S 49,34,40) (S 52,40,41) (S 95,35,41) (S 94,35,34) (S 93,34,30) (D 0,1,1)
0 1 7 75 101 17 (D 0,1,1) (S 75,18,29) (S 45,29,33) (S 17,33,33) (S 48,33,46) (S 111,46,47) (S 23,47,47) (S 100,40,47) (S 112,47,40) (S 101,41,48) (S 102,41,49) (S 53,44,49) (S 22,44,44) (S 105,42,44) (S 96,36,42) (S 113,48,41) (D 0,1,1)
0 1 8 75 76 15 (D 0,1,1) (S 88,31,23) (S 89,31,32) (S 46,32,37) (S 18,37,37) (S 90,31,37) (S 91,32,31) (S 81,24,32) (S 41,25,28) (S 84,28,32) (S 92,32,38) (S 19,38,38) (S 51,38,43) (S 21,43,43) (D 0,1,1)
0 1 9 75 109 17 (D 0,1,1) (S 97,37,36) (S 103,42,36) (S 104,42,41) (S 115,49,41) (S 114,48,49) (S 116,49,48) (S 117,49,50) (S 54,44,50) (S 106,43,42) (S 107,43,45) (S 108,45,38) (S 85,28,38) (S 99,38,28) (S 109,45,43) (S 110,45,50) (D 0,1,1)
0 1 10 29 119 7 (D 0,1,1) (S 98,37,38) (S 118,50,43) (S 119,50,45) (S 20,39,39) (S 73,17,10) (D 0,1,1)
