891
9
19712400
19710700
0 1 1 74 69 11 (D 0,1,1) (S 23,1,2) (S 24,2,13) (S 7,13,13) (S 30,12,13) (S 28,6,12) (S 2,6,6) (S 41,1,6) (S 42,1,7) (S 3,7,7) (D 0,1,1)
0 1 2 75 73 10 (D 0,1,1) (S 49,6,1) (S 50,6,18) (S 57,12,18) (S 31,12,19) (S 10,19,19) (S 34,19,25) (S 36,25,26) (S 16,26,26) (D 0,1,1)
0 1 3 73 80 11 (D 0,1,1) (S 51,7,1) (S 58,13,7) (S 32,13,14) (S 33,14,15) (S 8,15,15) (S 53,9,15) (S 25,3,9) (S 44,3,2) (S 43,2,8) (D 0,1,1)
0 1 4 73 107 14 (D 0,1,1) (S 65,18,12) (S 66,18,29) (S 19,29,29) (S 38,29,30) (S 39,30,31) (S 20,31,31) (S 77,32,31) (S 21,32,32) (S 78,32,33) (S 22,33,33) (S 40,33,34) (S 71,24,34) (D 0,1,1)
0 1 5 73 118 14 (D 0,1,1) (S 67,19,18) (S 72,25,29) (S 73,25,30) (S 76,30,25) (S 17,27,27) (S 37,26,27) (S 69,20,26) (S 11,20,20) (S 59,14,20) (S 68,20,14) (S 70,21,20) (S 35,21,22) (D 0,1,1)
0 1 6 74 96 11 (D 0,1,1) (S 60,15,9) (S 29,9,10) (S 5,10,10) (S 26,4,10) (S 1,4,4) (S 27,4,11) (S 6,11,11) (S 48,5,11) (S 47,5,4) (D 0,1,1)
0 1 7 74 112 9 (D 0,1,1) (S 61,16,15) (S 9,16,16) (S 62,16,23) (S 14,23,23) (S 13,22,22) (S 18,28,28) (S 75,28,27) (D 0,1,1)
0 1 8 72 145 13 (D 0,1,1) (S 4,8,8) (S 52,8,9) (S 46,3,10) (S 45,3,4) (S 54,10,11) (S 55,11,10) (S 56,11,17) (S 63,17,11) (S 64,17,24) (S 15,24,24) (S 79,34,24) (D 0,1,1)
0 1 9 26 91 5 (D 0,1,1) (S 74,26,20) (S 12,21,21) (S 80,34,28) (D 0,1,1)
