801
10
38077000
38074100
0 1 1 70 76 14 (D 0,1,1) (S 38,1,15) (S 13,15,15) (S 43,14,15) (S 12,14,14) (S 40,9,14) (S 7,9,9) (S 69,14,22) (S 19,22,22) (S 46,21,22) (S 18,21,21) (S 11,13,13) (S 23,27,27) (D 0,1,1)
0 1 2 70 91 15 (D 0,1,1) (S 58,1,5) (S 4,5,5) (S 1,2,2) (S 60,2,3) (S 2,3,3) (S 61,3,4) (S 3,4,4) (S 39,6,7) (S 5,6,6) (S 62,6,11) (S 9,11,11) (S 66,12,11) (S 77,23,29) (D 0,1,1)
0 1 3 70 64 9 (D 0,1,1) (S 59,1,10) (S 8,10,10) (S 65,10,17) (S 15,17,17) (S 45,17,31) (S 86,31,32) (S 27,32,32) (D 0,1,1)
0 1 4 70 75 12 (D 0,1,1) (S 14,16,16) (S 70,16,15) (S 44,15,24) (S 21,24,24) (S 20,23,23) (S 47,23,28) (S 24,28,28) (S 50,28,29) (S 25,29,29) (S 83,29,23) (D 0,1,1)
0 1 5 69 68 12 (D 0,1,1) (S 71,16,17) (S 72,17,30) (S 26,30,30) (S 51,30,38) (S 31,38,38) (S 92,36,38) (S 30,36,36) (S 53,35,36) (S 29,35,35) (S 81,27,35) (D 0,1,1)
0 1 6 69 83 18 (D 0,1,1) (S 76,22,14) (S 68,13,22) (S 64,8,13) (S 6,8,8) (S 67,13,8) (S 75,22,13) (S 17,20,20) (S 74,20,25) (S 22,25,25) (S 78,25,20) (S 48,26,27) (S 82,28,27) (S 91,34,35) (S 49,26,34) (S 79,25,26) (S 80,26,25) (D 0,1,1)
0 1 7 70 101 16 (D 0,1,1) (S 41,11,18) (S 73,18,19) (S 16,19,19) (S 42,12,19) (S 10,12,12) (S 63,7,12) (S 87,31,39) (S 32,39,39) (S 85,30,39) (S 84,29,37) (S 93,37,29) (S 94,37,38) (S 95,38,36) (S 89,33,25) (D 0,1,1)
0 1 8 70 89 13 (D 0,1,1) (S 88,32,31) (S 97,39,31) (S 98,39,40) (S 103,47,40) (S 36,47,47) (S 96,38,37) (S 57,46,50) (S 56,45,50) (S 35,45,45) (S 100,45,44) (S 99,43,44) (D 0,1,1)
0 1 9 70 84 13 (D 0,1,1) (S 28,33,33) (S 90,33,34) (S 52,34,42) (S 54,41,42) (S 55,42,43) (S 33,43,43) (S 104,48,43) (S 105,48,49) (S 37,49,49) (S 101,45,49) (S 102,46,45) (D 0,1,1)
0 1 10 26 70 6 (D 0,1,1) (S 34,44,44) (S 106,49,45) (S 107,49,48) (S 108,50,49) (D 0,1,1)
