227
8
994500
993300
0 1 1 27 43 7 (D 0,1,1) (S 7,1,2) (S 1,2,2) (S 9,2,3) (S 25,3,4) (S 31,4,10) (D 0,1,1)
0 1 2 27 27 7 (D 0,1,1) (S 8,1,4) (S 3,4,4) (S 11,4,8) (S 22,2,8) (S 10,2,7) (D 0,1,1)
0 1 3 27 22 6 (D 0,1,1) (S 15,1,3) (S 2,3,3) (S 26,3,10) (S 6,7,7) (D 0,1,1)
0 1 4 27 18 8 (D 0,1,1) (S 16,1,5) (S 4,5,5) (S 12,5,7) (S 17,1,7) (S 18,1,8) (S 32,5,8) (D 0,1,1)
0 1 5 27 32 8 (D 0,1,1) (S 19,1,9) (S 14,9,10) (S 20,1,10) (S 21,1,11) (S 24,2,11) (S 37,8,9) (D 0,1,1)
0 1 6 25 36 7 (D 0,1,1) (S 5,6,6) (S 13,6,8) (S 23,2,9) (S 30,4,9) (S 34,6,9) (D 0,1,1)
0 1 7 26 27 5 (D 0,1,1) (S 27,3,11) (S 33,5,11) (S 28,4,6) (D 0,1,1)
0 1 8 19 22 6 (D 0,1,1) (S 29,4,7) (S 35,7,9) (S 36,7,11) (S 38,9,11) (D 0,1,1)
