858
10
24252200
24251100
0 1 1 70 77 14 (D 0,1,1) (S 39,1,15) (S 14,15,15) (S 67,15,16) (S 15,16,16) (S 59,1,16) (S 58,1,9) (S 8,9,9) (S 42,9,14) (S 13,14,14) (S 66,14,22) (S 18,22,22) (S 77,23,29) (D 0,1,1)
0 1 2 70 70 16 (D 0,1,1) (S 68,16,1) (S 69,16,15) (S 75,23,15) (S 47,23,28) (S 22,28,28) (S 50,28,29) (S 23,29,29) (S 82,29,23) (S 76,23,24) (S 19,24,24) (S 45,17,24) (S 44,17,18) (S 70,18,19) (S 60,2,3) (D 0,1,1)
0 1 3 70 86 9 (D 0,1,1) (S 4,5,5) (S 41,5,10) (S 9,10,10) (S 62,10,17) (S 16,17,17) (S 25,31,31) (S 85,31,39) (D 0,1,1)
0 1 4 70 95 13 (D 0,1,1) (S 61,5,6) (S 5,6,6) (S 40,3,6) (S 2,3,3) (S 1,2,2) (S 63,11,6) (S 10,11,11) (S 64,11,12) (S 11,12,12) (S 6,7,7) (S 83,29,24) (D 0,1,1)
0 1 5 70 78 17 (D 0,1,1) (S 74,22,14) (S 73,22,13) (S 12,13,13) (S 43,13,21) (S 17,21,21) (S 46,20,21) (S 72,20,25) (S 20,25,25) (S 78,25,33) (S 27,33,33) (S 54,33,41) (S 32,41,41) (S 56,42,43) (S 92,37,38) (S 90,36,38) (D 0,1,1)
0 1 6 70 89 12 (D 0,1,1) (S 51,28,36) (S 29,36,36) (S 30,38,38) (S 52,30,38) (S 24,30,30) (S 84,30,39) (S 93,39,47) (S 98,47,39) (S 91,37,29) (S 21,27,27) (D 0,1,1)
0 1 7 69 85 13 (D 0,1,1) (S 65,13,8) (S 7,8,8) (S 48,26,27) (S 80,27,35) (S 28,35,35) (S 88,34,35) (S 49,26,34) (S 79,26,25) (S 87,33,34) (S 55,34,42) (S 33,43,43) (D 0,1,1)
0 1 8 70 95 15 (D 0,1,1) (S 81,28,27) (S 89,35,43) (S 94,43,35) (S 96,44,37) (S 34,44,44) (S 95,43,48) (S 37,48,48) (S 100,48,43) (S 101,49,48) (S 38,49,49) (S 102,49,50) (S 57,45,50) (S 97,46,45) (D 0,1,1)
0 1 9 65 102 10 (D 0,1,1) (S 71,19,32) (S 26,32,32) (S 53,32,40) (S 99,47,40) (S 31,39,39) (S 86,32,31) (S 36,46,46) (S 103,50,49) (D 0,1,1)
0 1 10 30 81 4 (D 0,1,1) (S 3,4,4) (S 35,45,45) (D 0,1,1)
