567
10
9481200
9478900
0 1 1 27 60 10 (D 0,1,1) (S 23,1,15) (S 7,15,15) (S 39,13,15) (S 37,12,13) (S 26,2,1) (S 25,1,24) (S 21,23,26) (S 13,25,25) (D 0,1,1)
0 1 2 27 56 9 (D 0,1,1) (S 24,1,17) (S 42,15,20) (S 20,20,21) (S 11,21,21) (S 41,14,21) (S 38,13,14) (S 8,16,16) (D 0,1,1)
0 1 3 27 67 7 (D 0,1,1) (S 10,19,19) (S 27,2,12) (S 6,14,14) (S 40,14,20) (S 29,3,6) (D 0,1,1)
0 1 4 27 52 6 (D 0,1,1) (S 22,24,27) (S 15,27,27) (S 14,26,26) (S 43,21,23) (D 0,1,1)
0 1 5 26 51 7 (D 0,1,1) (S 1,3,3) (S 28,3,4) (S 2,4,4) (S 32,4,10) (S 16,6,7) (D 0,1,1)
0 1 6 26 46 6 (D 0,1,1) (S 30,3,8) (S 5,8,8) (S 34,6,8) (S 17,6,9) (D 0,1,1)
0 1 7 26 41 6 (D 0,1,1) (S 12,23,23) (S 45,22,23) (S 46,22,25) (S 19,18,25) (D 0,1,1)
0 1 8 27 93 7 (D 0,1,1) (S 35,6,10) (S 36,10,11) (S 4,7,7) (S 33,5,9) (S 44,21,25) (D 0,1,1)
0 1 9 27 72 5 (D 0,1,1) (S 18,14,18) (S 9,18,18) (S 3,5,5) (D 0,1,1)
0 1 10 9 29 3 (D 0,1,1) (S 31,4,5) (D 0,1,1)
