1096
9
294400000
294395800
0 1 1 75 131 22 (D 0,1,1) (S 37,1,2) (S 1,2,2) (S 39,2,8) (S 26,8,9) (S 23,3,9) (S 40,3,2) (S 46,8,2) (S 45,7,8) (S 38,1,7) (S 44,7,1) (S 47,8,7) (S 27,9,10) (S 3,10,10) (S 29,10,11) (S 4,11,11) (S 31,11,17) (S 9,17,17) (S 57,20,17) (S 56,19,20) (S 91,39,40) (D 0,1,1)
0 1 2 74 74 12 (D 0,1,1) (S 41,3,4) (S 2,4,4) (S 24,4,5) (S 25,5,6) (S 43,6,12) (S 5,12,12) (S 49,12,11) (S 30,11,16) (S 8,16,16) (S 54,16,15) (D 0,1,1)
0 1 3 74 96 10 (D 0,1,1) (S 28,9,14) (S 6,14,14) (S 51,13,14) (S 50,13,7) (S 42,4,10) (S 48,11,5) (S 32,17,18) (S 66,27,20) (D 0,1,1)
0 1 4 74 114 10 (D 0,1,1) (S 7,15,15) (S 53,14,24) (S 13,24,24) (S 35,24,25) (S 14,25,25) (S 63,25,26) (S 15,26,26) (S 67,27,21) (D 0,1,1)
0 1 5 75 124 15 (D 0,1,1) (S 60,23,14) (S 12,23,23) (S 52,13,23) (S 59,23,13) (S 61,23,29) (S 17,29,29) (S 70,29,23) (S 62,24,14) (S 10,19,19) (S 64,26,19) (S 65,26,32) (S 73,31,32) (S 19,34,34) (D 0,1,1)
0 1 6 75 120 12 (D 0,1,1) (S 11,20,20) (S 33,20,21) (S 34,21,22) (S 55,18,22) (S 58,22,28) (S 68,28,22) (S 69,28,27) (S 77,33,27) (S 84,37,33) (S 92,40,41) (D 0,1,1)
0 1 7 75 153 13 (D 0,1,1) (S 16,27,27) (S 75,32,26) (S 76,32,36) (S 36,36,40) (S 22,40,40) (S 94,41,40) (S 86,37,41) (S 83,36,37) (S 80,35,36) (S 20,35,35) (S 72,30,29) (D 0,1,1)
0 1 8 74 176 11 (D 0,1,1) (S 18,30,30) (S 71,29,34) (S 78,34,29) (S 79,34,38) (S 87,38,34) (S 74,31,35) (S 82,36,35) (S 81,36,32) (S 85,37,36) (D 0,1,1)
0 1 9 31 108 7 (D 0,1,1) (S 89,39,35) (S 21,39,39) (S 88,38,39) (S 90,39,36) (S 93,41,37) (D 0,1,1)
