189
6
1152700
1151000
0 1 1 27 42 7 (D 0,1,1) (S 8,1,9) (S 18,2,9) (S 1,2,2) (S 10,2,5) (S 27,7,9) (D 0,1,1)
0 1 2 27 23 6 (D 0,1,1) (S 13,1,2) (S 9,2,4) (S 3,4,4) (S 17,2,6) (D 0,1,1)
0 1 3 27 35 8 (D 0,1,1) (S 14,1,6) (S 22,6,7) (S 5,7,7) (S 11,5,7) (S 4,5,5) (S 15,1,7) (D 0,1,1)
0 1 4 27 30 7 (D 0,1,1) (S 16,1,11) (S 20,3,11) (S 2,3,3) (S 6,8,8) (S 25,6,11) (D 0,1,1)
0 1 5 22 28 7 (D 0,1,1) (S 7,10,10) (S 12,8,10) (S 26,7,8) (S 24,6,10) (S 23,6,9) (D 0,1,1)
0 1 6 24 31 5 (D 0,1,1) (S 19,3,5) (S 21,4,9) (S 28,9,10) (D 0,1,1)
