550
10
5575300
5574000
0 1 1 27 36 7 (D 0,1,1) (S 23,1,3) (S 1,3,3) (S 26,3,4) (S 29,4,10) (S 27,3,6) (D 0,1,1)
0 1 2 27 41 8 (D 0,1,1) (S 24,2,1) (S 25,2,12) (S 17,12,13) (S 18,13,14) (S 7,14,14) (S 34,14,20) (D 0,1,1)
0 1 3 27 64 7 (D 0,1,1) (S 11,19,19) (S 9,17,17) (S 35,16,17) (S 19,14,18) (S 38,21,22) (D 0,1,1)
0 1 4 27 46 6 (D 0,1,1) (S 15,24,24) (S 40,23,24) (S 14,23,23) (S 21,21,23) (D 0,1,1)
0 1 5 27 79 9 (D 0,1,1) (S 16,27,27) (S 22,26,27) (S 41,25,26) (S 10,18,18) (S 12,21,21) (S 20,15,20) (S 31,6,7) (D 0,1,1)
0 1 6 27 49 5 (D 0,1,1) (S 8,15,15) (S 33,13,15) (S 37,20,21) (D 0,1,1)
0 1 7 24 50 4 (D 0,1,1) (S 4,6,6) (S 3,5,5) (D 0,1,1)
0 1 8 27 74 6 (D 0,1,1) (S 28,4,6) (S 2,4,4) (S 6,10,10) (S 13,22,22) (D 0,1,1)
0 1 9 27 79 6 (D 0,1,1) (S 30,5,6) (S 32,7,11) (S 5,8,8) (S 39,22,23) (D 0,1,1)
0 1 10 9 32 3 (D 0,1,1) (S 36,18,21) (D 0,1,1)
