516
7
694600
693200
0 1 1 39 102 7 (D 0,1,1) (S 12,1,5) (S 4,5,5) (S 19,5,7) (S 6,7,7) (S 23,9,10) (D 0,1,1)
0 1 2 39 42 6 (D 0,1,1) (S 13,1,7) (S 11,7,8) (S 8,2,8) (S 18,4,2) (D 0,1,1)
0 1 3 38 84 6 (D 0,1,1) (S 14,1,8) (S 21,8,9) (S 7,9,9) (S 10,6,9) (D 0,1,1)
0 1 4 38 62 6 (D 0,1,1) (S 15,3,1) (S 2,3,3) (S 9,4,3) (S 16,3,6) (D 0,1,1)
0 1 5 38 49 5 (D 0,1,1) (S 17,4,1) (S 3,4,4) (S 5,6,6) (D 0,1,1)
0 1 6 22 128 4 (D 0,1,1) (S 20,7,10) (S 22,8,10) (D 0,1,1)
0 1 7 31 49 3 (D 0,1,1) (S 1,2,2) (D 0,1,1)
