518
7
587100
585800
0 1 1 39 81 6 (D 0,1,1) (S 12,1,7) (S 6,7,7) (S 8,5,7) (S 16,2,5) (D 0,1,1)
0 1 2 41 63 7 (D 0,1,1) (S 13,1,8) (S 10,7,8) (S 9,6,7) (S 5,6,6) (S 18,3,6) (D 0,1,1)
0 1 3 40 44 6 (D 0,1,1) (S 14,2,1) (S 1,2,2) (S 15,2,3) (S 2,3,3) (D 0,1,1)
0 1 4 39 208 7 (D 0,1,1) (S 17,3,1) (S 19,3,7) (S 11,7,9) (S 23,8,9) (S 24,8,10) (D 0,1,1)
0 1 5 39 26 5 (D 0,1,1) (S 20,4,1) (S 3,4,4) (S 21,4,5) (D 0,1,1)
0 1 6 26 53 4 (D 0,1,1) (S 4,5,5) (S 22,5,6) (D 0,1,1)
0 1 7 21 43 3 (D 0,1,1) (S 7,9,9) (D 0,1,1)
