987
9
239075500
239072700
0 1 1 75 87 16 (D 0,1,1) (S 35,1,2) (S 1,2,2) (S 37,2,8) (S 23,8,9) (S 3,9,9) (S 20,3,9) (S 2,3,3) (S 38,3,4) (S 21,4,5) (S 22,5,6) (S 41,6,12) (S 5,12,12) (S 48,11,12) (S 55,17,20) (D 0,1,1)
0 1 2 75 94 13 (D 0,1,1) (S 36,1,7) (S 42,7,1) (S 44,8,2) (S 43,7,8) (S 45,8,7) (S 49,13,7) (S 50,13,14) (S 6,14,14) (S 52,14,13) (S 63,23,24) (S 46,10,15) (D 0,1,1)
0 1 3 74 93 15 (D 0,1,1) (S 39,4,3) (S 40,4,10) (S 24,10,11) (S 4,11,11) (S 25,11,17) (S 9,17,17) (S 27,16,17) (S 8,16,16) (S 54,16,19) (S 10,19,19) (S 57,19,16) (S 58,19,26) (S 60,20,19) (D 0,1,1)
0 1 4 75 73 9 (D 0,1,1) (S 53,15,10) (S 7,15,15) (S 26,15,25) (S 31,25,31) (S 33,30,31) (S 30,24,30) (S 13,24,24) (D 0,1,1)
0 1 5 75 115 13 (D 0,1,1) (S 62,23,14) (S 12,23,23) (S 51,13,23) (S 64,23,29) (S 74,29,23) (S 65,24,14) (S 47,11,5) (S 59,20,17) (S 11,20,20) (S 28,20,21) (S 29,21,22) (D 0,1,1)
0 1 6 74 107 14 (D 0,1,1) (S 69,27,20) (S 15,27,27) (S 32,27,32) (S 68,26,32) (S 14,26,26) (S 66,25,26) (S 67,26,25) (S 70,27,26) (S 71,27,33) (S 82,33,27) (S 73,28,27) (S 61,22,28) (D 0,1,1)
0 1 7 75 136 14 (D 0,1,1) (S 56,18,22) (S 72,28,22) (S 78,31,32) (S 79,31,35) (S 84,34,35) (S 76,29,34) (S 75,29,30) (S 77,30,29) (S 83,34,29) (S 85,34,38) (S 91,38,34) (S 86,35,34) (D 0,1,1)
0 1 8 75 156 13 (D 0,1,1) (S 80,32,26) (S 81,32,36) (S 16,36,36) (S 34,36,40) (S 94,40,39) (S 18,39,39) (S 88,35,39) (S 87,35,36) (S 89,36,32) (S 95,40,41) (S 19,41,41) (D 0,1,1)
0 1 9 29 126 7 (D 0,1,1) (S 92,38,39) (S 93,39,38) (S 90,37,41) (S 17,37,37) (S 96,41,37) (D 0,1,1)
