252
11
1077600
1076000
0 1 1 27 34 7 (D 0,1,1) (S 8,1,4) (S 11,4,7) (S 6,7,7) (S 32,7,10) (S 28,5,10) (D 0,1,1)
0 1 2 27 30 5 (D 0,1,1) (S 9,1,7) (S 2,3,3) (S 29,5,11) (D 0,1,1)
0 1 3 26 23 8 (D 0,1,1) (S 14,1,2) (S 20,2,4) (S 27,4,9) (S 12,8,9) (S 17,1,9) (S 31,6,9) (D 0,1,1)
0 1 4 24 20 5 (D 0,1,1) (S 15,1,5) (S 4,5,5) (S 10,3,5) (D 0,1,1)
0 1 5 27 23 6 (D 0,1,1) (S 16,1,6) (S 5,6,6) (S 22,2,6) (S 34,10,11) (D 0,1,1)
0 1 6 24 16 6 (D 0,1,1) (S 18,1,10) (S 26,3,10) (S 25,3,9) (S 13,9,11) (D 0,1,1)
0 1 7 27 20 6 (D 0,1,1) (S 19,1,11) (S 24,2,11) (S 21,2,5) (S 33,9,10) (D 0,1,1)
0 1 8 27 29 3 (D 0,1,1) (S 1,2,2) (D 0,1,1)
0 1 9 24 26 3 (D 0,1,1) (S 3,4,4) (D 0,1,1)
0 1 10 25 25 4 (D 0,1,1) (S 7,8,8) (S 23,2,8) (D 0,1,1)
0 1 11 8 6 3 (D 0,1,1) (S 30,6,8) (D 0,1,1)
