365
6
1459300
1457900
0 1 1 5 41 6 (D 0,1,1) (S 12,1,2) (S 1,2,2) (S 16,2,4) (S 13,1,4) (D 0,1,1)
0 1 2 5 87 7 (D 0,1,1) (S 14,1,10) (S 7,10,10) (S 24,9,10) (S 6,9,9) (S 17,3,4) (D 0,1,1)
0 1 3 5 40 7 (D 0,1,1) (S 15,1,12) (S 8,5,12) (S 18,3,5) (S 2,3,3) (S 20,5,6) (D 0,1,1)
0 1 4 5 57 7 (D 0,1,1) (S 9,6,12) (S 3,6,6) (S 10,7,12) (S 4,7,7) (S 23,7,8) (D 0,1,1)
0 1 5 5 101 7 (D 0,1,1) (S 25,12,13) (S 19,4,13) (S 22,5,13) (S 21,5,11) (S 11,8,11) (D 0,1,1)
0 1 6 1 39 3 (D 0,1,1) (S 5,8,8) (D 0,1,1)
