1060
9
297963600
297959100
0 1 1 75 87 14 (D 0,1,1) (S 40,1,7) (S 46,7,1) (S 1,2,2) (S 41,3,2) (S 28,3,9) (S 5,9,9) (S 29,8,9) (S 4,8,8) (S 47,7,8) (S 54,13,7) (S 6,13,13) (S 49,10,15) (D 0,1,1)
0 1 2 75 86 13 (D 0,1,1) (S 48,8,2) (S 42,3,4) (S 2,4,4) (S 43,4,3) (S 30,10,11) (S 31,11,16) (S 35,16,17) (S 9,17,17) (S 32,11,17) (S 59,17,20) (S 58,16,19) (D 0,1,1)
0 1 3 75 103 14 (D 0,1,1) (S 44,4,10) (S 3,5,5) (S 50,11,5) (S 51,11,12) (S 45,6,12) (S 52,12,6) (S 53,12,11) (S 11,20,20) (S 61,20,19) (S 10,19,19) (S 68,26,19) (S 56,15,16) (D 0,1,1)
0 1 4 75 93 11 (D 0,1,1) (S 8,15,15) (S 33,14,15) (S 7,14,14) (S 65,24,14) (S 14,24,24) (S 36,24,25) (S 34,15,25) (S 57,16,15) (S 71,27,21) (D 0,1,1)
0 1 5 75 150 13 (D 0,1,1) (S 64,23,24) (S 13,23,23) (S 55,13,23) (S 66,24,23) (S 75,29,23) (S 16,29,29) (S 77,34,29) (S 20,34,34) (S 78,34,38) (S 24,38,38) (S 21,35,35) (D 0,1,1)
0 1 6 75 113 10 (D 0,1,1) (S 62,20,27) (S 15,27,27) (S 72,27,33) (S 76,33,27) (S 74,28,27) (S 63,22,28) (S 60,18,22) (S 73,28,22) (D 0,1,1)
0 1 7 75 174 11 (D 0,1,1) (S 37,25,31) (S 18,31,31) (S 38,30,31) (S 17,30,30) (S 67,25,26) (S 69,26,25) (S 70,26,32) (S 12,21,21) (S 26,40,40) (D 0,1,1)
0 1 8 71 146 13 (D 0,1,1) (S 19,32,32) (S 81,37,33) (S 23,37,37) (S 82,37,36) (S 22,36,36) (S 39,36,40) (S 87,40,39) (S 25,39,39) (S 80,35,39) (S 79,35,36) (S 88,41,40) (D 0,1,1)
0 1 9 31 108 7 (D 0,1,1) (S 84,39,35) (S 83,38,39) (S 86,39,38) (S 85,39,36) (S 27,41,41) (D 0,1,1)
