481
10
5608100
5606500
0 1 1 27 50 9 (D 0,1,1) (S 17,1,17) (S 20,15,17) (S 10,15,15) (S 36,16,17) (S 8,13,13) (S 7,12,12) (S 33,12,19) (D 0,1,1)
0 1 2 26 55 8 (D 0,1,1) (S 23,1,19) (S 24,2,1) (S 1,2,2) (S 25,3,4) (S 26,3,6) (S 40,25,26) (D 0,1,1)
0 1 3 27 49 6 (D 0,1,1) (S 3,4,4) (S 27,4,6) (S 30,6,8) (S 14,23,23) (D 0,1,1)
0 1 4 27 65 7 (D 0,1,1) (S 28,4,10) (S 32,10,11) (S 18,7,11) (S 4,5,5) (S 21,21,22) (D 0,1,1)
0 1 5 27 46 7 (D 0,1,1) (S 15,24,24) (S 31,8,24) (S 6,8,8) (S 16,27,27) (S 29,5,9) (D 0,1,1)
0 1 6 26 35 6 (D 0,1,1) (S 39,23,24) (S 22,22,23) (S 13,22,22) (S 38,18,25) (D 0,1,1)
0 1 7 24 43 4 (D 0,1,1) (S 2,3,3) (S 41,26,27) (D 0,1,1)
0 1 8 25 45 4 (D 0,1,1) (S 5,6,6) (S 34,13,15) (D 0,1,1)
0 1 9 27 53 5 (D 0,1,1) (S 9,14,14) (S 19,14,21) (S 12,21,21) (D 0,1,1)
0 1 10 22 40 5 (D 0,1,1) (S 35,14,20) (S 11,20,20) (S 37,18,21) (D 0,1,1)
