404
6
2032300
1904000
0 1 1 5 70 7 (D 0,1,1) (S 19,1,2) (S 1,2,2) (S 8,2,3) (S 2,3,3) (S 24,3,4) (D 0,1,1)
0 1 2 5 64 7 (D 0,1,1) (S 20,1,4) (S 3,4,4) (S 9,2,4) (S 10,2,9) (S 17,9,10) (D 0,1,1)
0 1 3 5 68 7 (D 0,1,1) (S 21,1,7) (S 4,7,7) (S 14,7,8) (S 16,8,11) (S 6,11,11) (D 0,1,1)
0 1 4 5 66 7 (D 0,1,1) (S 22,1,10) (S 5,10,10) (S 18,10,11) (S 12,5,11) (S 11,5,6) (D 0,1,1)
0 1 5 5 48 7 (D 0,1,1) (S 23,1,12) (S 7,12,12) (S 13,5,12) (S 25,5,3) (S 26,7,6) (D 0,1,1)
0 1 6 4 88 6 (D 0,1,1) (S 15,7,12) (S 29,12,6) (S 27,8,10) (S 28,9,11) (D 0,1,1)
