19201
27
1916282200
1916280700
0 1 1 129 567 8 (D 0,1,1) (S 31,1,2) (S 32,2,3) (S 33,2,4) (S 34,4,5) (S 36,5,6) (S 103,50,52) (D 0,1,1)
0 1 2 130 418 6 (D 0,1,1) (S 35,4,69) (S 112,58,69) (S 113,59,69) (S 94,44,45) (D 0,1,1)
0 1 3 130 603 9 (D 0,1,1) (S 37,5,7) (S 38,7,8) (S 1,8,8) (S 39,8,9) (S 2,9,9) (S 46,12,76) (S 105,52,53) (D 0,1,1)
0 1 4 129 439 5 (D 0,1,1) (S 23,59,59) (S 44,11,59) (S 41,10,11) (D 0,1,1)
0 1 5 129 568 9 (D 0,1,1) (S 96,44,59) (S 13,44,44) (S 95,44,46) (S 15,46,46) (S 97,45,46) (S 99,47,48) (S 62,21,51) (D 0,1,1)
0 1 6 130 520 6 (D 0,1,1) (S 110,58,59) (S 109,57,58) (S 22,57,57) (S 90,42,43) (D 0,1,1)
0 1 7 130 571 9 (D 0,1,1) (S 40,9,10) (S 42,11,12) (S 3,12,12) (S 45,12,16) (S 48,13,16) (S 47,13,14) (S 50,14,15) (D 0,1,1)
0 1 8 130 755 7 (D 0,1,1) (S 111,58,60) (S 114,60,61) (S 115,60,62) (S 117,62,63) (S 87,39,40) (D 0,1,1)
0 1 9 127 535 5 (D 0,1,1) (S 93,43,44) (S 12,43,43) (S 92,42,57) (D 0,1,1)
0 1 10 128 571 7 (D 0,1,1) (S 14,45,45) (S 98,46,47) (S 100,47,49) (S 101,49,50) (S 59,19,50) (D 0,1,1)
0 1 11 129 535 4 (D 0,1,1) (S 43,11,48) (S 16,48,48) (D 0,1,1)
0 1 12 127 609 7 (D 0,1,1) (S 116,60,67) (S 26,67,67) (S 108,56,67) (S 91,42,56) (S 88,40,41) (D 0,1,1)
0 1 13 129 883 8 (D 0,1,1) (S 24,62,62) (S 118,62,66) (S 122,66,68) (S 120,63,64) (S 107,55,56) (S 83,35,39) (D 0,1,1)
0 1 14 130 748 7 (D 0,1,1) (S 119,62,67) (S 21,56,56) (S 89,41,42) (S 11,41,41) (S 85,37,38) (D 0,1,1)
0 1 15 128 667 12 (D 0,1,1) (S 102,49,51) (S 18,51,51) (S 104,51,53) (S 19,53,53) (S 69,24,53) (S 7,24,24) (S 63,22,24) (S 6,22,22) (S 106,52,54) (S 60,20,76) (D 0,1,1)
0 1 16 128 710 6 (D 0,1,1) (S 17,50,50) (S 20,54,54) (S 58,19,21) (S 49,13,77) (D 0,1,1)
0 1 17 126 835 7 (D 0,1,1) (S 29,76,76) (S 128,76,77) (S 30,77,77) (S 53,15,77) (S 124,71,72) (D 0,1,1)
0 1 18 130 658 9 (D 0,1,1) (S 61,21,22) (S 64,22,75) (S 67,23,75) (S 65,23,26) (S 70,25,26) (S 68,24,25) (S 72,25,75) (D 0,1,1)
0 1 19 126 661 6 (D 0,1,1) (S 55,18,20) (S 52,15,18) (S 51,15,17) (S 4,13,13) (D 0,1,1)
0 1 20 123 932 7 (D 0,1,1) (S 57,19,20) (S 54,18,19) (S 5,16,16) (S 126,72,73) (S 125,71,73) (D 0,1,1)
0 1 21 127 934 6 (D 0,1,1) (S 121,63,65) (S 25,65,65) (S 27,68,68) (S 84,35,41) (D 0,1,1)
0 1 22 117 754 4 (D 0,1,1) (S 56,18,72) (S 127,73,74) (D 0,1,1)
0 1 23 124 834 6 (D 0,1,1) (S 10,40,40) (S 86,37,39) (S 82,33,37) (S 76,30,31) (D 0,1,1)
0 1 24 127 906 8 (D 0,1,1) (S 71,25,29) (S 75,28,29) (S 8,28,28) (S 74,26,28) (S 73,26,27) (S 78,32,33) (D 0,1,1)
0 1 25 129 820 4 (D 0,1,1) (S 80,32,35) (S 79,32,34) (D 0,1,1)
0 1 26 125 846 5 (D 0,1,1) (S 66,23,31) (S 77,31,32) (S 81,33,36) (D 0,1,1)
0 1 27 127 1322 5 (D 0,1,1) (S 123,70,71) (S 28,70,70) (S 9,34,34) (D 0,1,1)
