632
8
9210200
9208200
0 1 1 40 50 7 (D 0,1,1) (S 13,1,2) (S 14,2,4) (S 15,4,5) (S 16,5,10) (S 10,20,20) (D 0,1,1)
0 1 2 39 71 9 (D 0,1,1) (S 23,1,3) (S 1,3,3) (S 24,3,1) (S 25,3,9) (S 18,9,10) (S 30,10,11) (S 6,15,15) (D 0,1,1)
0 1 3 39 78 6 (D 0,1,1) (S 28,9,3) (S 29,9,19) (S 9,19,19) (S 45,23,20) (D 0,1,1)
0 1 4 40 92 8 (D 0,1,1) (S 41,19,9) (S 11,22,22) (S 46,23,22) (S 47,23,24) (S 12,24,24) (S 43,21,15) (D 0,1,1)
0 1 5 40 77 8 (D 0,1,1) (S 26,5,11) (S 4,11,11) (S 19,11,15) (S 37,15,16) (S 21,16,17) (S 7,17,17) (D 0,1,1)
0 1 6 39 72 9 (D 0,1,1) (S 32,11,5) (S 33,12,11) (S 5,12,12) (S 20,12,13) (S 34,13,17) (S 40,17,13) (S 35,14,13) (D 0,1,1)
0 1 7 40 82 8 (D 0,1,1) (S 31,10,20) (S 22,20,21) (S 44,21,24) (S 48,24,21) (S 39,16,15) (S 38,16,12) (D 0,1,1)
0 1 8 33 110 9 (D 0,1,1) (S 42,20,10) (S 8,18,18) (S 36,14,18) (S 17,8,14) (S 27,8,7) (S 3,7,7) (S 2,6,6) (D 0,1,1)
