197
6
1115300
1113500
0 1 1 27 59 10 (D 0,1,1) (S 7,1,5) (S 11,5,7) (S 4,7,7) (S 20,4,7) (S 10,4,9) (S 18,2,9) (S 19,3,10) (S 24,6,11) (D 0,1,1)
0 1 2 27 23 7 (D 0,1,1) (S 8,1,10) (S 23,6,10) (S 3,6,6) (S 14,1,6) (S 12,1,2) (D 0,1,1)
0 1 3 27 46 8 (D 0,1,1) (S 13,1,3) (S 2,3,3) (S 9,3,11) (S 17,2,6) (S 26,7,9) (S 27,8,10) (D 0,1,1)
0 1 4 27 23 4 (D 0,1,1) (S 15,1,11) (S 1,2,2) (D 0,1,1)
0 1 5 27 23 6 (D 0,1,1) (S 16,2,4) (S 21,4,8) (S 5,8,8) (S 25,7,8) (D 0,1,1)
0 1 6 19 23 5 (D 0,1,1) (S 28,9,10) (S 6,9,9) (S 22,6,9) (D 0,1,1)
