595
9
31547900
31543100
0 1 1 65 64 13 (D 0,1,1) (S 19,1,6) (S 4,6,6) (S 49,6,12) (S 8,12,12) (S 27,12,17) (S 61,17,13) (S 9,13,13) (S 25,7,13) (S 5,7,7) (S 24,3,7) (S 80,37,38) (D 0,1,1)
0 1 2 65 55 11 (D 0,1,1) (S 20,1,10) (S 53,9,10) (S 50,8,9) (S 6,8,8) (S 41,1,8) (S 21,1,33) (S 38,33,34) (S 73,34,35) (S 75,35,34) (D 0,1,1)
0 1 3 65 39 11 (D 0,1,1) (S 22,1,35) (S 39,35,36) (S 23,2,36) (S 1,2,2) (S 40,1,2) (S 42,1,11) (S 7,11,11) (S 26,11,16) (S 44,2,1) (D 0,1,1)
0 1 4 65 62 13 (D 0,1,1) (S 43,1,40) (S 51,8,40) (S 52,9,8) (S 54,10,9) (S 59,16,10) (S 60,16,15) (S 10,15,15) (S 28,14,15) (S 58,15,9) (S 55,11,1) (S 57,12,11) (D 0,1,1)
0 1 5 65 53 12 (D 0,1,1) (S 85,40,1) (S 45,2,3) (S 2,3,3) (S 46,4,3) (S 3,4,4) (S 47,5,4) (S 48,5,39) (S 37,32,39) (S 71,32,31) (S 36,31,38) (D 0,1,1)
0 1 6 64 74 15 (D 0,1,1) (S 56,12,6) (S 62,18,13) (S 11,18,18) (S 29,18,19) (S 30,18,22) (S 32,22,25) (S 33,24,25) (S 15,24,24) (S 64,21,24) (S 13,21,21) (S 63,21,22) (S 65,22,21) (S 77,37,3) (D 0,1,1)
0 1 7 65 71 9 (D 0,1,1) (S 67,28,35) (S 17,28,28) (S 66,27,28) (S 34,26,27) (S 16,26,26) (S 72,33,26) (S 35,27,34) (D 0,1,1)
0 1 8 64 89 10 (D 0,1,1) (S 74,35,28) (S 76,36,37) (S 70,31,37) (S 68,30,31) (S 69,31,30) (S 78,37,30) (S 79,37,36) (S 18,29,29) (D 0,1,1)
0 1 9 41 88 9 (D 0,1,1) (S 81,38,37) (S 82,38,39) (S 83,39,5) (S 84,39,38) (S 12,20,20) (S 31,20,23) (S 14,23,23) (D 0,1,1)
