700
9
12656800
12655000
0 1 1 65 48 12 (D 0,1,1) (S 28,1,6) (S 4,6,6) (S 49,2,6) (S 29,2,36) (S 25,36,36) (S 39,29,36) (S 38,29,30) (S 70,30,31) (S 27,38,38) (S 26,37,37) (D 0,1,1)
0 1 2 65 66 13 (D 0,1,1) (S 44,1,2) (S 47,2,1) (S 45,1,8) (S 6,8,8) (S 31,8,14) (S 10,14,14) (S 11,15,15) (S 61,15,16) (S 12,16,16) (S 62,16,10) (S 55,9,10) (D 0,1,1)
0 1 3 65 83 11 (D 0,1,1) (S 46,1,40) (S 80,40,1) (S 57,11,1) (S 8,11,11) (S 58,11,12) (S 9,12,12) (S 59,12,11) (S 51,6,2) (S 60,13,18) (D 0,1,1)
0 1 4 64 71 10 (D 0,1,1) (S 48,2,3) (S 1,3,3) (S 30,3,7) (S 5,7,7) (S 52,7,6) (S 32,13,19) (S 14,18,18) (S 63,18,13) (D 0,1,1)
0 1 5 64 67 9 (D 0,1,1) (S 23,33,33) (S 42,33,34) (S 36,26,34) (S 35,26,27) (S 19,27,27) (S 37,27,34) (S 50,3,4) (D 0,1,1)
0 1 6 65 63 9 (D 0,1,1) (S 24,35,35) (S 43,35,36) (S 76,37,36) (S 71,31,37) (S 21,31,31) (S 40,31,38) (S 74,37,3) (D 0,1,1)
0 1 7 64 139 12 (D 0,1,1) (S 53,8,9) (S 54,9,8) (S 56,10,9) (S 7,10,10) (S 69,26,33) (S 72,34,35) (S 73,35,34) (S 20,28,28) (S 75,37,30) (S 77,38,39) (D 0,1,1)
0 1 8 64 105 12 (D 0,1,1) (S 2,4,4) (S 79,39,38) (S 41,32,39) (S 22,32,32) (S 78,39,5) (S 3,5,5) (S 64,18,17) (S 13,17,17) (S 17,22,22) (S 33,22,25) (D 0,1,1)
0 1 9 43 58 10 (D 0,1,1) (S 65,20,17) (S 15,20,20) (S 66,21,20) (S 16,21,21) (S 67,21,22) (S 68,24,21) (S 18,24,24) (S 34,23,24) (D 0,1,1)
