206
9
1368800
1367100
0 1 1 27 28 5 (D 0,1,1) (S 15,1,3) (S 2,3,3) (S 21,2,3) (D 0,1,1)
0 1 2 27 29 10 (D 0,1,1) (S 16,1,6) (S 5,6,6) (S 13,6,8) (S 7,8,8) (S 12,5,8) (S 4,5,5) (S 17,1,7) (S 24,2,11) (D 0,1,1)
0 1 3 26 33 6 (D 0,1,1) (S 18,1,8) (S 1,2,2) (S 23,2,9) (S 25,3,4) (D 0,1,1)
0 1 4 26 14 7 (D 0,1,1) (S 19,1,10) (S 27,3,10) (S 26,3,7) (S 6,7,7) (S 32,7,10) (D 0,1,1)
0 1 5 24 21 6 (D 0,1,1) (S 20,1,11) (S 29,4,11) (S 9,4,7) (S 14,7,9) (D 0,1,1)
0 1 6 24 25 5 (D 0,1,1) (S 11,5,7) (S 22,2,5) (S 28,4,5) (D 0,1,1)
0 1 7 23 21 6 (D 0,1,1) (S 30,5,10) (S 33,9,10) (S 8,9,9) (S 10,4,9) (D 0,1,1)
0 1 8 8 11 3 (D 0,1,1) (S 31,5,11) (D 0,1,1)
0 1 9 20 24 3 (D 0,1,1) (S 3,4,4) (D 0,1,1)
