567
9
7582200
7580300
0 1 1 44 48 10 (D 0,1,1) (S 17,1,5) (S 3,5,5) (S 19,2,5) (S 1,2,2) (S 28,2,4) (S 2,4,4) (S 29,5,4) (S 6,10,10) (D 0,1,1)
0 1 2 45 54 9 (D 0,1,1) (S 18,1,20) (S 14,20,20) (S 35,15,20) (S 36,15,21) (S 15,21,21) (S 43,21,24) (S 16,23,23) (D 0,1,1)
0 1 3 45 48 8 (D 0,1,1) (S 26,1,9) (S 21,3,9) (S 20,3,4) (S 22,3,10) (S 32,9,19) (S 37,16,15) (D 0,1,1)
0 1 4 45 72 5 (D 0,1,1) (S 27,1,19) (S 13,19,19) (S 8,12,12) (D 0,1,1)
0 1 5 45 70 7 (D 0,1,1) (S 33,11,1) (S 7,11,11) (S 30,6,7) (S 5,7,7) (S 31,8,14) (D 0,1,1)
0 1 6 45 58 7 (D 0,1,1) (S 41,19,9) (S 25,22,23) (S 24,21,23) (S 42,20,21) (S 23,12,16) (D 0,1,1)
0 1 7 35 97 10 (D 0,1,1) (S 44,24,21) (S 34,12,17) (S 11,17,17) (S 38,16,17) (S 40,17,16) (S 39,17,12) (S 9,13,13) (S 12,18,18) (D 0,1,1)
0 1 8 41 67 3 (D 0,1,1) (S 4,6,6) (D 0,1,1)
0 1 9 13 53 3 (D 0,1,1) (S 10,14,14) (D 0,1,1)
