805
9
8890000
8887700
0 1 1 65 59 11 (D 0,1,1) (S 17,1,2) (S 1,2,2) (S 38,2,3) (S 20,3,10) (S 7,10,10) (S 24,10,19) (S 28,15,19) (S 57,15,9) (S 39,3,2) (D 0,1,1)
0 1 2 64 63 10 (D 0,1,1) (S 18,1,5) (S 22,5,8) (S 5,8,8) (S 19,1,8) (S 40,4,5) (S 2,4,4) (S 4,7,7) (S 41,7,6) (D 0,1,1)
0 1 3 65 86 10 (D 0,1,1) (S 45,9,2) (S 6,9,9) (S 46,9,10) (S 47,10,9) (S 27,14,15) (S 44,8,14) (S 23,7,8) (S 26,12,13) (D 0,1,1)
0 1 4 65 93 11 (D 0,1,1) (S 43,8,13) (S 51,13,8) (S 53,14,8) (S 54,14,13) (S 52,13,16) (S 9,16,16) (S 29,16,17) (S 31,17,22) (S 13,22,22) (D 0,1,1)
0 1 5 64 75 10 (D 0,1,1) (S 56,15,8) (S 60,18,15) (S 32,18,19) (S 68,23,18) (S 69,23,22) (S 63,21,22) (S 12,21,21) (S 30,16,21) (D 0,1,1)
0 1 6 65 103 10 (D 0,1,1) (S 58,16,13) (S 50,12,16) (S 42,7,12) (S 21,4,6) (S 3,6,6) (S 8,11,11) (S 25,11,20) (S 33,20,24) (D 0,1,1)
0 1 7 65 125 12 (D 0,1,1) (S 55,14,17) (S 10,17,17) (S 59,17,14) (S 48,11,12) (S 49,12,11) (S 61,20,16) (S 11,20,20) (S 62,20,21) (S 34,21,28) (S 67,22,29) (D 0,1,1)
0 1 8 65 107 14 (D 0,1,1) (S 66,22,21) (S 64,21,24) (S 35,24,27) (S 37,27,28) (S 15,28,28) (S 36,24,28) (S 75,29,28) (S 65,21,29) (S 73,29,21) (S 70,25,29) (S 71,25,30) (S 77,30,25) (D 0,1,1)
0 1 9 48 94 8 (D 0,1,1) (S 74,29,22) (S 76,29,30) (S 16,30,30) (S 78,30,29) (S 14,26,26) (S 72,26,23) (D 0,1,1)
