487
6
872200
871100
0 1 1 5 90 7 (D 0,1,1) (S 5,1,2) (S 1,2,2) (S 9,2,3) (S 2,3,3) (S 11,3,4) (D 0,1,1)
0 1 2 5 63 7 (D 0,1,1) (S 6,1,4) (S 10,2,4) (S 21,9,2) (S 22,9,10) (S 8,1,10) (D 0,1,1)
0 1 3 5 55 7 (D 0,1,1) (S 7,1,7) (S 16,6,7) (S 3,6,6) (S 14,5,6) (S 12,3,5) (D 0,1,1)
0 1 4 5 73 7 (D 0,1,1) (S 23,10,1) (S 20,8,10) (S 19,8,7) (S 18,7,12) (S 15,5,12) (D 0,1,1)
0 1 5 5 73 7 (D 0,1,1) (S 28,12,1) (S 17,6,12) (S 29,12,11) (S 4,11,11) (S 13,4,11) (D 0,1,1)
0 1 6 4 133 6 (D 0,1,1) (S 24,10,8) (S 25,10,9) (S 26,11,3) (S 27,11,5) (D 0,1,1)
