503
8
5067600
5066300
0 1 1 44 65 9 (D 0,1,1) (S 24,1,9) (S 15,3,9) (S 14,3,4) (S 26,4,5) (S 2,5,5) (S 27,5,4) (S 34,13,17) (D 0,1,1)
0 1 2 44 43 7 (D 0,1,1) (S 25,1,19) (S 10,19,19) (S 31,9,19) (S 43,19,9) (S 45,20,15) (D 0,1,1)
0 1 3 45 49 9 (D 0,1,1) (S 32,11,1) (S 6,11,11) (S 17,5,11) (S 13,2,5) (S 1,2,2) (S 5,10,10) (S 33,12,11) (D 0,1,1)
0 1 4 45 59 6 (D 0,1,1) (S 28,6,5) (S 3,6,6) (S 18,6,11) (S 39,17,12) (D 0,1,1)
0 1 5 45 82 7 (D 0,1,1) (S 44,19,20) (S 11,20,20) (S 46,20,21) (S 23,23,24) (S 38,16,17) (D 0,1,1)
0 1 6 45 67 7 (D 0,1,1) (S 16,3,10) (S 22,22,23) (S 48,24,21) (S 12,21,21) (S 8,15,15) (D 0,1,1)
0 1 7 45 65 12 (D 0,1,1) (S 36,15,21) (S 47,21,15) (S 37,16,15) (S 41,17,16) (S 9,17,17) (S 40,17,13) (S 19,7,13) (S 29,6,7) (S 7,12,12) (S 42,18,17) (D 0,1,1)
0 1 8 45 73 7 (D 0,1,1) (S 4,7,7) (S 20,13,14) (S 21,14,18) (S 30,8,14) (S 35,14,8) (D 0,1,1)
